product,issue,table,stat,year,period,class1,class1_code,class2,class2_code,class3,class3_code,class4,class4_code,figure,note_figure
HKMDS,202010,T1001,M100101,2017,,transpor,transpor_01,movement,movement_01,,,,,210339,
HKMDS,202010,T1001,M100101,2018,,transpor,transpor_01,movement,movement_01,,,,,213899,
HKMDS,202010,T1001,M100101,2019,,transpor,transpor_01,movement,movement_01,,,,,209904,
HKMDS,202010,T1001,M100101,2019,06,transpor,transpor_01,movement,movement_01,,,,,17643,
HKMDS,202010,T1001,M100101,2019,07,transpor,transpor_01,movement,movement_01,,,,,18427,
HKMDS,202010,T1001,M100101,2019,08,transpor,transpor_01,movement,movement_01,,,,,17857,
HKMDS,202010,T1001,M100101,2019,09,transpor,transpor_01,movement,movement_01,,,,,16691,
HKMDS,202010,T1001,M100101,2019,10,transpor,transpor_01,movement,movement_01,,,,,17177,
HKMDS,202010,T1001,M100101,2019,11,transpor,transpor_01,movement,movement_01,,,,,16266,
HKMDS,202010,T1001,M100101,2019,12,transpor,transpor_01,movement,movement_01,,,,,16995,
HKMDS,202010,T1001,M100101,2020,01,transpor,transpor_01,movement,movement_01,,,,,16618,
HKMDS,202010,T1001,M100101,2020,02,transpor,transpor_01,movement,movement_01,,,,,9029,
HKMDS,202010,T1001,M100101,2020,03,transpor,transpor_01,movement,movement_01,,,,,6106,
HKMDS,202010,T1001,M100101,2020,04,transpor,transpor_01,movement,movement_01,,,,,4705,
HKMDS,202010,T1001,M100101,2020,05,transpor,transpor_01,movement,movement_01,,,,,5692,
HKMDS,202010,T1001,M100101,2020,06,transpor,transpor_01,movement,movement_01,,,,,4981,
HKMDS,202010,T1001,M100101,2020,07,transpor,transpor_01,movement,movement_01,,,,,4935,(#)
HKMDS,202010,T1001,M100101,2020,08,transpor,transpor_01,movement,movement_01,,,,,5000,(#)
HKMDS,202010,T1001,M100101,2017,,transpor,transpor_01,movement,movement_02,,,,,210320,
HKMDS,202010,T1001,M100101,2018,,transpor,transpor_01,movement,movement_02,,,,,213867,
HKMDS,202010,T1001,M100101,2019,,transpor,transpor_01,movement,movement_02,,,,,209891,
HKMDS,202010,T1001,M100101,2019,06,transpor,transpor_01,movement,movement_02,,,,,17657,
HKMDS,202010,T1001,M100101,2019,07,transpor,transpor_01,movement,movement_02,,,,,18426,
HKMDS,202010,T1001,M100101,2019,08,transpor,transpor_01,movement,movement_02,,,,,17820,
HKMDS,202010,T1001,M100101,2019,09,transpor,transpor_01,movement,movement_02,,,,,16707,
HKMDS,202010,T1001,M100101,2019,10,transpor,transpor_01,movement,movement_02,,,,,17162,
HKMDS,202010,T1001,M100101,2019,11,transpor,transpor_01,movement,movement_02,,,,,16262,
HKMDS,202010,T1001,M100101,2019,12,transpor,transpor_01,movement,movement_02,,,,,17004,
HKMDS,202010,T1001,M100101,2020,01,transpor,transpor_01,movement,movement_02,,,,,16608,
HKMDS,202010,T1001,M100101,2020,02,transpor,transpor_01,movement,movement_02,,,,,8992,
HKMDS,202010,T1001,M100101,2020,03,transpor,transpor_01,movement,movement_02,,,,,6029,
HKMDS,202010,T1001,M100101,2020,04,transpor,transpor_01,movement,movement_02,,,,,4736,
HKMDS,202010,T1001,M100101,2020,05,transpor,transpor_01,movement,movement_02,,,,,5671,
HKMDS,202010,T1001,M100101,2020,06,transpor,transpor_01,movement,movement_02,,,,,4982,
HKMDS,202010,T1001,M100101,2020,07,transpor,transpor_01,movement,movement_02,,,,,4935,(#)
HKMDS,202010,T1001,M100101,2020,08,transpor,transpor_01,movement,movement_02,,,,,5000,(#)
HKMDS,202010,T1001,M100101,2017,,transpor,transpor_01,movement,movement_tt,,,,,420659,
HKMDS,202010,T1001,M100101,2018,,transpor,transpor_01,movement,movement_tt,,,,,427766,
HKMDS,202010,T1001,M100101,2019,,transpor,transpor_01,movement,movement_tt,,,,,419795,
HKMDS,202010,T1001,M100101,2019,06,transpor,transpor_01,movement,movement_tt,,,,,35300,
HKMDS,202010,T1001,M100101,2019,07,transpor,transpor_01,movement,movement_tt,,,,,36853,
HKMDS,202010,T1001,M100101,2019,08,transpor,transpor_01,movement,movement_tt,,,,,35677,
HKMDS,202010,T1001,M100101,2019,09,transpor,transpor_01,movement,movement_tt,,,,,33398,
HKMDS,202010,T1001,M100101,2019,10,transpor,transpor_01,movement,movement_tt,,,,,34339,
HKMDS,202010,T1001,M100101,2019,11,transpor,transpor_01,movement,movement_tt,,,,,32528,
HKMDS,202010,T1001,M100101,2019,12,transpor,transpor_01,movement,movement_tt,,,,,33999,
HKMDS,202010,T1001,M100101,2020,01,transpor,transpor_01,movement,movement_tt,,,,,33226,
HKMDS,202010,T1001,M100101,2020,02,transpor,transpor_01,movement,movement_tt,,,,,18021,
HKMDS,202010,T1001,M100101,2020,03,transpor,transpor_01,movement,movement_tt,,,,,12135,
HKMDS,202010,T1001,M100101,2020,04,transpor,transpor_01,movement,movement_tt,,,,,9441,
HKMDS,202010,T1001,M100101,2020,05,transpor,transpor_01,movement,movement_tt,,,,,11363,
HKMDS,202010,T1001,M100101,2020,06,transpor,transpor_01,movement,movement_tt,,,,,9963,
HKMDS,202010,T1001,M100101,2020,07,transpor,transpor_01,movement,movement_tt,,,,,9870,(#)
HKMDS,202010,T1001,M100101,2020,08,transpor,transpor_01,movement,movement_tt,,,,,10000,(#)
HKMDS,202010,T1001,M100101,2017,,transpor,transpor_02,movement,movement_01,,,,,26793,
HKMDS,202010,T1001,M100101,2018,,transpor,transpor_02,movement,movement_01,,,,,25410,
HKMDS,202010,T1001,M100101,2019,,transpor,transpor_02,movement,movement_01,,,,,25388,
HKMDS,202010,T1001,M100101,2019,06,transpor,transpor_02,movement,movement_01,,,,,2093,
HKMDS,202010,T1001,M100101,2019,07,transpor,transpor_02,movement,movement_01,,,,,2140,
HKMDS,202010,T1001,M100101,2019,08,transpor,transpor_02,movement,movement_01,,,,,2118,
HKMDS,202010,T1001,M100101,2019,09,transpor,transpor_02,movement,movement_01,,,,,2138,
HKMDS,202010,T1001,M100101,2019,10,transpor,transpor_02,movement,movement_01,,,,,2108,
HKMDS,202010,T1001,M100101,2019,11,transpor,transpor_02,movement,movement_01,,,,,2159,
HKMDS,202010,T1001,M100101,2019,12,transpor,transpor_02,movement,movement_01,,,,,2376,
HKMDS,202010,T1001,M100101,2020,01,transpor,transpor_02,movement,movement_01,,,,,2282,
HKMDS,202010,T1001,M100101,2020,02,transpor,transpor_02,movement,movement_01,,,,,1778,
HKMDS,202010,T1001,M100101,2020,03,transpor,transpor_02,movement,movement_01,,,,,2105,
HKMDS,202010,T1001,M100101,2020,04,transpor,transpor_02,movement,movement_01,,,,,2075,
HKMDS,202010,T1001,M100101,2020,05,transpor,transpor_02,movement,movement_01,,,,,2027,
HKMDS,202010,T1001,M100101,2020,06,transpor,transpor_02,movement,movement_01,,,,,2116,
HKMDS,202010,T1001,M100101,2020,07,transpor,transpor_02,movement,movement_01,,,,,2458,
HKMDS,202010,T1001,M100101,2020,08,transpor,transpor_02,movement,movement_01,,,,,N.A.,
HKMDS,202010,T1001,M100102,2017,,transpor,transpor_02,movement,movement_01,,,,,420402,
HKMDS,202010,T1001,M100102,2018,,transpor,transpor_02,movement,movement_01,,,,,398747,
HKMDS,202010,T1001,M100102,2019,,transpor,transpor_02,movement,movement_01,,,,,398410,
HKMDS,202010,T1001,M100102,2019,06,transpor,transpor_02,movement,movement_01,,,,,32539,
HKMDS,202010,T1001,M100102,2019,07,transpor,transpor_02,movement,movement_01,,,,,32900,
HKMDS,202010,T1001,M100102,2019,08,transpor,transpor_02,movement,movement_01,,,,,33478,
HKMDS,202010,T1001,M100102,2019,09,transpor,transpor_02,movement,movement_01,,,,,33578,
HKMDS,202010,T1001,M100102,2019,10,transpor,transpor_02,movement,movement_01,,,,,33149,
HKMDS,202010,T1001,M100102,2019,11,transpor,transpor_02,movement,movement_01,,,,,33204,
HKMDS,202010,T1001,M100102,2019,12,transpor,transpor_02,movement,movement_01,,,,,37615,
HKMDS,202010,T1001,M100102,2020,01,transpor,transpor_02,movement,movement_01,,,,,37656,
HKMDS,202010,T1001,M100102,2020,02,transpor,transpor_02,movement,movement_01,,,,,30182,
HKMDS,202010,T1001,M100102,2020,03,transpor,transpor_02,movement,movement_01,,,,,31289,
HKMDS,202010,T1001,M100102,2020,04,transpor,transpor_02,movement,movement_01,,,,,30296,
HKMDS,202010,T1001,M100102,2020,05,transpor,transpor_02,movement,movement_01,,,,,30022,
HKMDS,202010,T1001,M100102,2020,06,transpor,transpor_02,movement,movement_01,,,,,34747,
HKMDS,202010,T1001,M100102,2020,07,transpor,transpor_02,movement,movement_01,,,,,47005,
HKMDS,202010,T1001,M100102,2020,08,transpor,transpor_02,movement,movement_01,,,,,N.A.,
HKMDS,202010,T1001,M100101,2017,,transpor,transpor_02,movement,movement_02,,,,,26068,
HKMDS,202010,T1001,M100101,2018,,transpor,transpor_02,movement,movement_02,,,,,25096,
HKMDS,202010,T1001,M100101,2019,,transpor,transpor_02,movement,movement_02,,,,,25119,
HKMDS,202010,T1001,M100101,2019,06,transpor,transpor_02,movement,movement_02,,,,,2040,
HKMDS,202010,T1001,M100101,2019,07,transpor,transpor_02,movement,movement_02,,,,,2089,
HKMDS,202010,T1001,M100101,2019,08,transpor,transpor_02,movement,movement_02,,,,,2103,
HKMDS,202010,T1001,M100101,2019,09,transpor,transpor_02,movement,movement_02,,,,,2141,
HKMDS,202010,T1001,M100101,2019,10,transpor,transpor_02,movement,movement_02,,,,,2088,
HKMDS,202010,T1001,M100101,2019,11,transpor,transpor_02,movement,movement_02,,,,,2120,
HKMDS,202010,T1001,M100101,2019,12,transpor,transpor_02,movement,movement_02,,,,,2291,
HKMDS,202010,T1001,M100101,2020,01,transpor,transpor_02,movement,movement_02,,,,,2192,
HKMDS,202010,T1001,M100101,2020,02,transpor,transpor_02,movement,movement_02,,,,,1789,
HKMDS,202010,T1001,M100101,2020,03,transpor,transpor_02,movement,movement_02,,,,,1959,
HKMDS,202010,T1001,M100101,2020,04,transpor,transpor_02,movement,movement_02,,,,,1937,
HKMDS,202010,T1001,M100101,2020,05,transpor,transpor_02,movement,movement_02,,,,,1987,
HKMDS,202010,T1001,M100101,2020,06,transpor,transpor_02,movement,movement_02,,,,,2080,
HKMDS,202010,T1001,M100101,2020,07,transpor,transpor_02,movement,movement_02,,,,,2490,
HKMDS,202010,T1001,M100101,2020,08,transpor,transpor_02,movement,movement_02,,,,,N.A.,
HKMDS,202010,T1001,M100102,2017,,transpor,transpor_02,movement,movement_02,,,,,414513,
HKMDS,202010,T1001,M100102,2018,,transpor,transpor_02,movement,movement_02,,,,,399537,
HKMDS,202010,T1001,M100102,2019,,transpor,transpor_02,movement,movement_02,,,,,402078,
HKMDS,202010,T1001,M100102,2019,06,transpor,transpor_02,movement,movement_02,,,,,32244,
HKMDS,202010,T1001,M100102,2019,07,transpor,transpor_02,movement,movement_02,,,,,33813,
HKMDS,202010,T1001,M100102,2019,08,transpor,transpor_02,movement,movement_02,,,,,34191,
HKMDS,202010,T1001,M100102,2019,09,transpor,transpor_02,movement,movement_02,,,,,34476,
HKMDS,202010,T1001,M100102,2019,10,transpor,transpor_02,movement,movement_02,,,,,33322,
HKMDS,202010,T1001,M100102,2019,11,transpor,transpor_02,movement,movement_02,,,,,34264,
HKMDS,202010,T1001,M100102,2019,12,transpor,transpor_02,movement,movement_02,,,,,37323,
HKMDS,202010,T1001,M100102,2020,01,transpor,transpor_02,movement,movement_02,,,,,36577,
HKMDS,202010,T1001,M100102,2020,02,transpor,transpor_02,movement,movement_02,,,,,30057,
HKMDS,202010,T1001,M100102,2020,03,transpor,transpor_02,movement,movement_02,,,,,31876,
HKMDS,202010,T1001,M100102,2020,04,transpor,transpor_02,movement,movement_02,,,,,30083,
HKMDS,202010,T1001,M100102,2020,05,transpor,transpor_02,movement,movement_02,,,,,29927,
HKMDS,202010,T1001,M100102,2020,06,transpor,transpor_02,movement,movement_02,,,,,33923,
HKMDS,202010,T1001,M100102,2020,07,transpor,transpor_02,movement,movement_02,,,,,48883,
HKMDS,202010,T1001,M100102,2020,08,transpor,transpor_02,movement,movement_02,,,,,N.A.,
HKMDS,202010,T1001,M100101,2017,,transpor,transpor_0301,movement,movement_01,,,,,27255,
HKMDS,202010,T1001,M100101,2018,,transpor,transpor_0301,movement,movement_01,,,,,27020,
HKMDS,202010,T1001,M100101,2019,,transpor,transpor_0301,movement,movement_01,,,,,27268,
HKMDS,202010,T1001,M100101,2019,06,transpor,transpor_0301,movement,movement_01,,,,,2286,
HKMDS,202010,T1001,M100101,2019,07,transpor,transpor_0301,movement,movement_01,,,,,2301,
HKMDS,202010,T1001,M100101,2019,08,transpor,transpor_0301,movement,movement_01,,,,,2282,
HKMDS,202010,T1001,M100101,2019,09,transpor,transpor_0301,movement,movement_01,,,,,2232,
HKMDS,202010,T1001,M100101,2019,10,transpor,transpor_0301,movement,movement_01,,,,,2229,
HKMDS,202010,T1001,M100101,2019,11,transpor,transpor_0301,movement,movement_01,,,,,2256,
HKMDS,202010,T1001,M100101,2019,12,transpor,transpor_0301,movement,movement_01,,,,,2339,
HKMDS,202010,T1001,M100101,2020,01,transpor,transpor_0301,movement,movement_01,,,,,2325,
HKMDS,202010,T1001,M100101,2020,02,transpor,transpor_0301,movement,movement_01,,,,,749,
HKMDS,202010,T1001,M100101,2020,03,transpor,transpor_0301,movement,movement_01,,,,,368,
HKMDS,202010,T1001,M100101,2020,04,transpor,transpor_0301,movement,movement_01,,,,,0,
HKMDS,202010,T1001,M100101,2020,05,transpor,transpor_0301,movement,movement_01,,,,,0,
HKMDS,202010,T1001,M100101,2020,06,transpor,transpor_0301,movement,movement_01,,,,,0,
HKMDS,202010,T1001,M100101,2020,07,transpor,transpor_0301,movement,movement_01,,,,,0,
HKMDS,202010,T1001,M100101,2020,08,transpor,transpor_0301,movement,movement_01,,,,,N.A.,
HKMDS,202010,T1001,M100102,2017,,transpor,transpor_0301,movement,movement_01,,,,,11275,
HKMDS,202010,T1001,M100102,2018,,transpor,transpor_0301,movement,movement_01,,,,,10864,
HKMDS,202010,T1001,M100102,2019,,transpor,transpor_0301,movement,movement_01,,,,,11201,
HKMDS,202010,T1001,M100102,2019,06,transpor,transpor_0301,movement,movement_01,,,,,944,
HKMDS,202010,T1001,M100102,2019,07,transpor,transpor_0301,movement,movement_01,,,,,619,
HKMDS,202010,T1001,M100102,2019,08,transpor,transpor_0301,movement,movement_01,,,,,892,
HKMDS,202010,T1001,M100102,2019,09,transpor,transpor_0301,movement,movement_01,,,,,889,
HKMDS,202010,T1001,M100102,2019,10,transpor,transpor_0301,movement,movement_01,,,,,904,
HKMDS,202010,T1001,M100102,2019,11,transpor,transpor_0301,movement,movement_01,,,,,1021,
HKMDS,202010,T1001,M100102,2019,12,transpor,transpor_0301,movement,movement_01,,,,,1155,
HKMDS,202010,T1001,M100102,2020,01,transpor,transpor_0301,movement,movement_01,,,,,913,
HKMDS,202010,T1001,M100102,2020,02,transpor,transpor_0301,movement,movement_01,,,,,105,
HKMDS,202010,T1001,M100102,2020,03,transpor,transpor_0301,movement,movement_01,,,,,48,
HKMDS,202010,T1001,M100102,2020,04,transpor,transpor_0301,movement,movement_01,,,,,0,
HKMDS,202010,T1001,M100102,2020,05,transpor,transpor_0301,movement,movement_01,,,,,0,
HKMDS,202010,T1001,M100102,2020,06,transpor,transpor_0301,movement,movement_01,,,,,0,
HKMDS,202010,T1001,M100102,2020,07,transpor,transpor_0301,movement,movement_01,,,,,0,
HKMDS,202010,T1001,M100102,2020,08,transpor,transpor_0301,movement,movement_01,,,,,N.A.,
HKMDS,202010,T1001,M100101,2017,,transpor,transpor_0301,movement,movement_02,,,,,27376,
HKMDS,202010,T1001,M100101,2018,,transpor,transpor_0301,movement,movement_02,,,,,27309,
HKMDS,202010,T1001,M100101,2019,,transpor,transpor_0301,movement,movement_02,,,,,27297,
HKMDS,202010,T1001,M100101,2019,06,transpor,transpor_0301,movement,movement_02,,,,,2282,
HKMDS,202010,T1001,M100101,2019,07,transpor,transpor_0301,movement,movement_02,,,,,2290,
HKMDS,202010,T1001,M100101,2019,08,transpor,transpor_0301,movement,movement_02,,,,,2292,
HKMDS,202010,T1001,M100101,2019,09,transpor,transpor_0301,movement,movement_02,,,,,2203,
HKMDS,202010,T1001,M100101,2019,10,transpor,transpor_0301,movement,movement_02,,,,,2220,
HKMDS,202010,T1001,M100101,2019,11,transpor,transpor_0301,movement,movement_02,,,,,2222,
HKMDS,202010,T1001,M100101,2019,12,transpor,transpor_0301,movement,movement_02,,,,,2307,
HKMDS,202010,T1001,M100101,2020,01,transpor,transpor_0301,movement,movement_02,,,,,2217,
HKMDS,202010,T1001,M100101,2020,02,transpor,transpor_0301,movement,movement_02,,,,,743,
HKMDS,202010,T1001,M100101,2020,03,transpor,transpor_0301,movement,movement_02,,,,,19,
HKMDS,202010,T1001,M100101,2020,04,transpor,transpor_0301,movement,movement_02,,,,,0,
HKMDS,202010,T1001,M100101,2020,05,transpor,transpor_0301,movement,movement_02,,,,,9,
HKMDS,202010,T1001,M100101,2020,06,transpor,transpor_0301,movement,movement_02,,,,,0,
HKMDS,202010,T1001,M100101,2020,07,transpor,transpor_0301,movement,movement_02,,,,,0,
HKMDS,202010,T1001,M100101,2020,08,transpor,transpor_0301,movement,movement_02,,,,,N.A.,
HKMDS,202010,T1001,M100102,2017,,transpor,transpor_0301,movement,movement_02,,,,,11778,
HKMDS,202010,T1001,M100102,2018,,transpor,transpor_0301,movement,movement_02,,,,,11159,
HKMDS,202010,T1001,M100102,2019,,transpor,transpor_0301,movement,movement_02,,,,,11109,
HKMDS,202010,T1001,M100102,2019,06,transpor,transpor_0301,movement,movement_02,,,,,943,
HKMDS,202010,T1001,M100102,2019,07,transpor,transpor_0301,movement,movement_02,,,,,755,
HKMDS,202010,T1001,M100102,2019,08,transpor,transpor_0301,movement,movement_02,,,,,755,
HKMDS,202010,T1001,M100102,2019,09,transpor,transpor_0301,movement,movement_02,,,,,1023,
HKMDS,202010,T1001,M100102,2019,10,transpor,transpor_0301,movement,movement_02,,,,,887,
HKMDS,202010,T1001,M100102,2019,11,transpor,transpor_0301,movement,movement_02,,,,,877,
HKMDS,202010,T1001,M100102,2019,12,transpor,transpor_0301,movement,movement_02,,,,,1287,
HKMDS,202010,T1001,M100102,2020,01,transpor,transpor_0301,movement,movement_02,,,,,897,
HKMDS,202010,T1001,M100102,2020,02,transpor,transpor_0301,movement,movement_02,,,,,104,
HKMDS,202010,T1001,M100102,2020,03,transpor,transpor_0301,movement,movement_02,,,,,2,
HKMDS,202010,T1001,M100102,2020,04,transpor,transpor_0301,movement,movement_02,,,,,0,
HKMDS,202010,T1001,M100102,2020,05,transpor,transpor_0301,movement,movement_02,,,,,1,
HKMDS,202010,T1001,M100102,2020,06,transpor,transpor_0301,movement,movement_02,,,,,0,
HKMDS,202010,T1001,M100102,2020,07,transpor,transpor_0301,movement,movement_02,,,,,0,
HKMDS,202010,T1001,M100102,2020,08,transpor,transpor_0301,movement,movement_02,,,,,N.A.,
HKMDS,202010,T1001,M100101,2017,,transpor,transpor_0302,movement,movement_01,,,,,54862,
HKMDS,202010,T1001,M100101,2018,,transpor,transpor_0302,movement,movement_01,,,,,54533,
HKMDS,202010,T1001,M100101,2019,,transpor,transpor_0302,movement,movement_01,,,,,43927,
HKMDS,202010,T1001,M100101,2019,06,transpor,transpor_0302,movement,movement_01,,,,,3681,
HKMDS,202010,T1001,M100101,2019,07,transpor,transpor_0302,movement,movement_01,,,,,3617,
HKMDS,202010,T1001,M100101,2019,08,transpor,transpor_0302,movement,movement_01,,,,,3543,
HKMDS,202010,T1001,M100101,2019,09,transpor,transpor_0302,movement,movement_01,,,,,3091,
HKMDS,202010,T1001,M100101,2019,10,transpor,transpor_0302,movement,movement_01,,,,,3225,
HKMDS,202010,T1001,M100101,2019,11,transpor,transpor_0302,movement,movement_01,,,,,3082,
HKMDS,202010,T1001,M100101,2019,12,transpor,transpor_0302,movement,movement_01,,,,,3202,
HKMDS,202010,T1001,M100101,2020,01,transpor,transpor_0302,movement,movement_01,,,,,3020,
HKMDS,202010,T1001,M100101,2020,02,transpor,transpor_0302,movement,movement_01,,,,,181,
HKMDS,202010,T1001,M100101,2020,03,transpor,transpor_0302,movement,movement_01,,,,,0,
HKMDS,202010,T1001,M100101,2020,04,transpor,transpor_0302,movement,movement_01,,,,,0,
HKMDS,202010,T1001,M100101,2020,05,transpor,transpor_0302,movement,movement_01,,,,,0,
HKMDS,202010,T1001,M100101,2020,06,transpor,transpor_0302,movement,movement_01,,,,,28,
HKMDS,202010,T1001,M100101,2020,07,transpor,transpor_0302,movement,movement_01,,,,,32,
HKMDS,202010,T1001,M100101,2020,08,transpor,transpor_0302,movement,movement_01,,,,,N.A.,
HKMDS,202010,T1001,M100102,2017,,transpor,transpor_0302,movement,movement_01,,,,,10071,
HKMDS,202010,T1001,M100102,2018,,transpor,transpor_0302,movement,movement_01,,,,,10144,
HKMDS,202010,T1001,M100102,2019,,transpor,transpor_0302,movement,movement_01,,,,,8170,
HKMDS,202010,T1001,M100102,2019,06,transpor,transpor_0302,movement,movement_01,,,,,670,
HKMDS,202010,T1001,M100102,2019,07,transpor,transpor_0302,movement,movement_01,,,,,660,
HKMDS,202010,T1001,M100102,2019,08,transpor,transpor_0302,movement,movement_01,,,,,669,
HKMDS,202010,T1001,M100102,2019,09,transpor,transpor_0302,movement,movement_01,,,,,598,
HKMDS,202010,T1001,M100102,2019,10,transpor,transpor_0302,movement,movement_01,,,,,615,
HKMDS,202010,T1001,M100102,2019,11,transpor,transpor_0302,movement,movement_01,,,,,592,
HKMDS,202010,T1001,M100102,2019,12,transpor,transpor_0302,movement,movement_01,,,,,612,
HKMDS,202010,T1001,M100102,2020,01,transpor,transpor_0302,movement,movement_01,,,,,576,
HKMDS,202010,T1001,M100102,2020,02,transpor,transpor_0302,movement,movement_01,,,,,34,
HKMDS,202010,T1001,M100102,2020,03,transpor,transpor_0302,movement,movement_01,,,,,0,
HKMDS,202010,T1001,M100102,2020,04,transpor,transpor_0302,movement,movement_01,,,,,0,
HKMDS,202010,T1001,M100102,2020,05,transpor,transpor_0302,movement,movement_01,,,,,0,
HKMDS,202010,T1001,M100102,2020,06,transpor,transpor_0302,movement,movement_01,,,,,6,
HKMDS,202010,T1001,M100102,2020,07,transpor,transpor_0302,movement,movement_01,,,,,7,
HKMDS,202010,T1001,M100102,2020,08,transpor,transpor_0302,movement,movement_01,,,,,N.A.,
HKMDS,202010,T1001,M100101,2017,,transpor,transpor_0302,movement,movement_02,,,,,56585,
HKMDS,202010,T1001,M100101,2018,,transpor,transpor_0302,movement,movement_02,,,,,55451,
HKMDS,202010,T1001,M100101,2019,,transpor,transpor_0302,movement,movement_02,,,,,43995,
HKMDS,202010,T1001,M100101,2019,06,transpor,transpor_0302,movement,movement_02,,,,,3686,
HKMDS,202010,T1001,M100101,2019,07,transpor,transpor_0302,movement,movement_02,,,,,3606,
HKMDS,202010,T1001,M100101,2019,08,transpor,transpor_0302,movement,movement_02,,,,,3549,
HKMDS,202010,T1001,M100101,2019,09,transpor,transpor_0302,movement,movement_02,,,,,3089,
HKMDS,202010,T1001,M100101,2019,10,transpor,transpor_0302,movement,movement_02,,,,,3224,
HKMDS,202010,T1001,M100101,2019,11,transpor,transpor_0302,movement,movement_02,,,,,3076,
HKMDS,202010,T1001,M100101,2019,12,transpor,transpor_0302,movement,movement_02,,,,,3205,
HKMDS,202010,T1001,M100101,2020,01,transpor,transpor_0302,movement,movement_02,,,,,3011,
HKMDS,202010,T1001,M100101,2020,02,transpor,transpor_0302,movement,movement_02,,,,,171,
HKMDS,202010,T1001,M100101,2020,03,transpor,transpor_0302,movement,movement_02,,,,,0,
HKMDS,202010,T1001,M100101,2020,04,transpor,transpor_0302,movement,movement_02,,,,,0,
HKMDS,202010,T1001,M100101,2020,05,transpor,transpor_0302,movement,movement_02,,,,,0,
HKMDS,202010,T1001,M100101,2020,06,transpor,transpor_0302,movement,movement_02,,,,,28,
HKMDS,202010,T1001,M100101,2020,07,transpor,transpor_0302,movement,movement_02,,,,,32,
HKMDS,202010,T1001,M100101,2020,08,transpor,transpor_0302,movement,movement_02,,,,,N.A.,
HKMDS,202010,T1001,M100102,2017,,transpor,transpor_0302,movement,movement_02,,,,,10434,
HKMDS,202010,T1001,M100102,2018,,transpor,transpor_0302,movement,movement_02,,,,,10330,
HKMDS,202010,T1001,M100102,2019,,transpor,transpor_0302,movement,movement_02,,,,,8182,
HKMDS,202010,T1001,M100102,2019,06,transpor,transpor_0302,movement,movement_02,,,,,670,
HKMDS,202010,T1001,M100102,2019,07,transpor,transpor_0302,movement,movement_02,,,,,658,
HKMDS,202010,T1001,M100102,2019,08,transpor,transpor_0302,movement,movement_02,,,,,670,
HKMDS,202010,T1001,M100102,2019,09,transpor,transpor_0302,movement,movement_02,,,,,597,
HKMDS,202010,T1001,M100102,2019,10,transpor,transpor_0302,movement,movement_02,,,,,615,
HKMDS,202010,T1001,M100102,2019,11,transpor,transpor_0302,movement,movement_02,,,,,591,
HKMDS,202010,T1001,M100102,2019,12,transpor,transpor_0302,movement,movement_02,,,,,613,
HKMDS,202010,T1001,M100102,2020,01,transpor,transpor_0302,movement,movement_02,,,,,574,
HKMDS,202010,T1001,M100102,2020,02,transpor,transpor_0302,movement,movement_02,,,,,32,
HKMDS,202010,T1001,M100102,2020,03,transpor,transpor_0302,movement,movement_02,,,,,0,
HKMDS,202010,T1001,M100102,2020,04,transpor,transpor_0302,movement,movement_02,,,,,0,
HKMDS,202010,T1001,M100102,2020,05,transpor,transpor_0302,movement,movement_02,,,,,0,
HKMDS,202010,T1001,M100102,2020,06,transpor,transpor_0302,movement,movement_02,,,,,6,
HKMDS,202010,T1001,M100102,2020,07,transpor,transpor_0302,movement,movement_02,,,,,7,
HKMDS,202010,T1001,M100102,2020,08,transpor,transpor_0302,movement,movement_02,,,,,N.A.,
HKMDS,202010,T1001,M100101,2017,,transpor,transpor_0303,movement,movement_01,,,,,76510,
HKMDS,202010,T1001,M100101,2018,,transpor,transpor_0303,movement,movement_01,,,,,67647,
HKMDS,202010,T1001,M100101,2019,,transpor,transpor_0303,movement,movement_01,,,,,64669,
HKMDS,202010,T1001,M100101,2019,06,transpor,transpor_0303,movement,movement_01,,,,,5456,
HKMDS,202010,T1001,M100101,2019,07,transpor,transpor_0303,movement,movement_01,,,,,5645,
HKMDS,202010,T1001,M100101,2019,08,transpor,transpor_0303,movement,movement_01,,,,,5659,
HKMDS,202010,T1001,M100101,2019,09,transpor,transpor_0303,movement,movement_01,,,,,5382,
HKMDS,202010,T1001,M100101,2019,10,transpor,transpor_0303,movement,movement_01,,,,,5160,
HKMDS,202010,T1001,M100101,2019,11,transpor,transpor_0303,movement,movement_01,,,,,5534,
HKMDS,202010,T1001,M100101,2019,12,transpor,transpor_0303,movement,movement_01,,,,,5652,
HKMDS,202010,T1001,M100101,2020,01,transpor,transpor_0303,movement,movement_01,,,,,4215,
HKMDS,202010,T1001,M100101,2020,02,transpor,transpor_0303,movement,movement_01,,,,,3582,
HKMDS,202010,T1001,M100101,2020,03,transpor,transpor_0303,movement,movement_01,,,,,5354,
HKMDS,202010,T1001,M100101,2020,04,transpor,transpor_0303,movement,movement_01,,,,,5221,
HKMDS,202010,T1001,M100101,2020,05,transpor,transpor_0303,movement,movement_01,,,,,5698,
HKMDS,202010,T1001,M100101,2020,06,transpor,transpor_0303,movement,movement_01,,,,,5264,
HKMDS,202010,T1001,M100101,2020,07,transpor,transpor_0303,movement,movement_01,,,,,5634,
HKMDS,202010,T1001,M100101,2020,08,transpor,transpor_0303,movement,movement_01,,,,,N.A.,
HKMDS,202010,T1001,M100102,2017,,transpor,transpor_0303,movement,movement_01,,,,,98322,
HKMDS,202010,T1001,M100102,2018,,transpor,transpor_0303,movement,movement_01,,,,,89662,
HKMDS,202010,T1001,M100102,2019,,transpor,transpor_0303,movement,movement_01,,,,,96146,
HKMDS,202010,T1001,M100102,2019,06,transpor,transpor_0303,movement,movement_01,,,,,7741,
HKMDS,202010,T1001,M100102,2019,07,transpor,transpor_0303,movement,movement_01,,,,,8434,
HKMDS,202010,T1001,M100102,2019,08,transpor,transpor_0303,movement,movement_01,,,,,8426,
HKMDS,202010,T1001,M100102,2019,09,transpor,transpor_0303,movement,movement_01,,,,,8121,
HKMDS,202010,T1001,M100102,2019,10,transpor,transpor_0303,movement,movement_01,,,,,7930,
HKMDS,202010,T1001,M100102,2019,11,transpor,transpor_0303,movement,movement_01,,,,,8382,
HKMDS,202010,T1001,M100102,2019,12,transpor,transpor_0303,movement,movement_01,,,,,8583,
HKMDS,202010,T1001,M100102,2020,01,transpor,transpor_0303,movement,movement_01,,,,,7160,
HKMDS,202010,T1001,M100102,2020,02,transpor,transpor_0303,movement,movement_01,,,,,5783,
HKMDS,202010,T1001,M100102,2020,03,transpor,transpor_0303,movement,movement_01,,,,,9162,
HKMDS,202010,T1001,M100102,2020,04,transpor,transpor_0303,movement,movement_01,,,,,8276,
HKMDS,202010,T1001,M100102,2020,05,transpor,transpor_0303,movement,movement_01,,,,,9046,
HKMDS,202010,T1001,M100102,2020,06,transpor,transpor_0303,movement,movement_01,,,,,8490,
HKMDS,202010,T1001,M100102,2020,07,transpor,transpor_0303,movement,movement_01,,,,,9574,
HKMDS,202010,T1001,M100102,2020,08,transpor,transpor_0303,movement,movement_01,,,,,N.A.,
HKMDS,202010,T1001,M100101,2017,,transpor,transpor_0303,movement,movement_02,,,,,77161,
HKMDS,202010,T1001,M100101,2018,,transpor,transpor_0303,movement,movement_02,,,,,67944,
HKMDS,202010,T1001,M100101,2019,,transpor,transpor_0303,movement,movement_02,,,,,64965,
HKMDS,202010,T1001,M100101,2019,06,transpor,transpor_0303,movement,movement_02,,,,,5514,
HKMDS,202010,T1001,M100101,2019,07,transpor,transpor_0303,movement,movement_02,,,,,5625,
HKMDS,202010,T1001,M100101,2019,08,transpor,transpor_0303,movement,movement_02,,,,,5633,
HKMDS,202010,T1001,M100101,2019,09,transpor,transpor_0303,movement,movement_02,,,,,5483,
HKMDS,202010,T1001,M100101,2019,10,transpor,transpor_0303,movement,movement_02,,,,,5164,
HKMDS,202010,T1001,M100101,2019,11,transpor,transpor_0303,movement,movement_02,,,,,5532,
HKMDS,202010,T1001,M100101,2019,12,transpor,transpor_0303,movement,movement_02,,,,,5745,
HKMDS,202010,T1001,M100101,2020,01,transpor,transpor_0303,movement,movement_02,,,,,4425,
HKMDS,202010,T1001,M100101,2020,02,transpor,transpor_0303,movement,movement_02,,,,,3450,
HKMDS,202010,T1001,M100101,2020,03,transpor,transpor_0303,movement,movement_02,,,,,5496,
HKMDS,202010,T1001,M100101,2020,04,transpor,transpor_0303,movement,movement_02,,,,,5274,
HKMDS,202010,T1001,M100101,2020,05,transpor,transpor_0303,movement,movement_02,,,,,5764,
HKMDS,202010,T1001,M100101,2020,06,transpor,transpor_0303,movement,movement_02,,,,,5300,
HKMDS,202010,T1001,M100101,2020,07,transpor,transpor_0303,movement,movement_02,,,,,5596,
HKMDS,202010,T1001,M100101,2020,08,transpor,transpor_0303,movement,movement_02,,,,,N.A.,
HKMDS,202010,T1001,M100102,2017,,transpor,transpor_0303,movement,movement_02,,,,,104389,
HKMDS,202010,T1001,M100102,2018,,transpor,transpor_0303,movement,movement_02,,,,,88583,
HKMDS,202010,T1001,M100102,2019,,transpor,transpor_0303,movement,movement_02,,,,,92799,
HKMDS,202010,T1001,M100102,2019,06,transpor,transpor_0303,movement,movement_02,,,,,7930,
HKMDS,202010,T1001,M100102,2019,07,transpor,transpor_0303,movement,movement_02,,,,,7456,
HKMDS,202010,T1001,M100102,2019,08,transpor,transpor_0303,movement,movement_02,,,,,7661,
HKMDS,202010,T1001,M100102,2019,09,transpor,transpor_0303,movement,movement_02,,,,,7398,
HKMDS,202010,T1001,M100102,2019,10,transpor,transpor_0303,movement,movement_02,,,,,7562,
HKMDS,202010,T1001,M100102,2019,11,transpor,transpor_0303,movement,movement_02,,,,,7897,
HKMDS,202010,T1001,M100102,2019,12,transpor,transpor_0303,movement,movement_02,,,,,8801,
HKMDS,202010,T1001,M100102,2020,01,transpor,transpor_0303,movement,movement_02,,,,,7901,
HKMDS,202010,T1001,M100102,2020,02,transpor,transpor_0303,movement,movement_02,,,,,5949,
HKMDS,202010,T1001,M100102,2020,03,transpor,transpor_0303,movement,movement_02,,,,,8521,
HKMDS,202010,T1001,M100102,2020,04,transpor,transpor_0303,movement,movement_02,,,,,8520,
HKMDS,202010,T1001,M100102,2020,05,transpor,transpor_0303,movement,movement_02,,,,,9286,
HKMDS,202010,T1001,M100102,2020,06,transpor,transpor_0303,movement,movement_02,,,,,8887,
HKMDS,202010,T1001,M100102,2020,07,transpor,transpor_0303,movement,movement_02,,,,,8089,
HKMDS,202010,T1001,M100102,2020,08,transpor,transpor_0303,movement,movement_02,,,,,N.A.,
HKMDS,202010,T1001,M100101,2017,,transpor,transpor_0401,movement,movement_01,,,,,3619323,
HKMDS,202010,T1001,M100101,2018,,transpor,transpor_0401,movement,movement_01,,,,,3431646,
HKMDS,202010,T1001,M100101,2019,,transpor,transpor_0401,movement,movement_01,,,,,3258265,
HKMDS,202010,T1001,M100101,2019,06,transpor,transpor_0401,movement,movement_01,,,,,263236,
HKMDS,202010,T1001,M100101,2019,07,transpor,transpor_0401,movement,movement_01,,,,,293451,
HKMDS,202010,T1001,M100101,2019,08,transpor,transpor_0401,movement,movement_01,,,,,290822,
HKMDS,202010,T1001,M100101,2019,09,transpor,transpor_0401,movement,movement_01,,,,,279868,
HKMDS,202010,T1001,M100101,2019,10,transpor,transpor_0401,movement,movement_01,,,,,260641,
HKMDS,202010,T1001,M100101,2019,11,transpor,transpor_0401,movement,movement_01,,,,,282555,
HKMDS,202010,T1001,M100101,2019,12,transpor,transpor_0401,movement,movement_01,,,,,285924,
HKMDS,202010,T1001,M100101,2020,01,transpor,transpor_0401,movement,movement_01,,,,,211968,
HKMDS,202010,T1001,M100101,2020,02,transpor,transpor_0401,movement,movement_01,,,,,144259,
HKMDS,202010,T1001,M100101,2020,03,transpor,transpor_0401,movement,movement_01,,,,,254109,
HKMDS,202010,T1001,M100101,2020,04,transpor,transpor_0401,movement,movement_01,,,,,261734,
HKMDS,202010,T1001,M100101,2020,05,transpor,transpor_0401,movement,movement_01,,,,,268224,
HKMDS,202010,T1001,M100101,2020,06,transpor,transpor_0401,movement,movement_01,,,,,265696,
HKMDS,202010,T1001,M100101,2020,07,transpor,transpor_0401,movement,movement_01,,,,,286656,
HKMDS,202010,T1001,M100101,2020,08,transpor,transpor_0401,movement,movement_01,,,,,284151,
HKMDS,202010,T1001,M100101,2017,,transpor,transpor_0401,movement,movement_02,,,,,3611394,
HKMDS,202010,T1001,M100101,2018,,transpor,transpor_0401,movement,movement_02,,,,,3425136,
HKMDS,202010,T1001,M100101,2019,,transpor,transpor_0401,movement,movement_02,,,,,3250390,
HKMDS,202010,T1001,M100101,2019,06,transpor,transpor_0401,movement,movement_02,,,,,262377,
HKMDS,202010,T1001,M100101,2019,07,transpor,transpor_0401,movement,movement_02,,,,,292401,
HKMDS,202010,T1001,M100101,2019,08,transpor,transpor_0401,movement,movement_02,,,,,289495,
HKMDS,202010,T1001,M100101,2019,09,transpor,transpor_0401,movement,movement_02,,,,,278779,
HKMDS,202010,T1001,M100101,2019,10,transpor,transpor_0401,movement,movement_02,,,,,260386,
HKMDS,202010,T1001,M100101,2019,11,transpor,transpor_0401,movement,movement_02,,,,,282070,
HKMDS,202010,T1001,M100101,2019,12,transpor,transpor_0401,movement,movement_02,,,,,285770,
HKMDS,202010,T1001,M100101,2020,01,transpor,transpor_0401,movement,movement_02,,,,,211257,
HKMDS,202010,T1001,M100101,2020,02,transpor,transpor_0401,movement,movement_02,,,,,143917,
HKMDS,202010,T1001,M100101,2020,03,transpor,transpor_0401,movement,movement_02,,,,,253776,
HKMDS,202010,T1001,M100101,2020,04,transpor,transpor_0401,movement,movement_02,,,,,261556,
HKMDS,202010,T1001,M100101,2020,05,transpor,transpor_0401,movement,movement_02,,,,,268299,
HKMDS,202010,T1001,M100101,2020,06,transpor,transpor_0401,movement,movement_02,,,,,265431,
HKMDS,202010,T1001,M100101,2020,07,transpor,transpor_0401,movement,movement_02,,,,,285690,
HKMDS,202010,T1001,M100101,2020,08,transpor,transpor_0401,movement,movement_02,,,,,283311,
HKMDS,202010,T1001,M100101,2017,,transpor,transpor_0401,movement,movement_tt,,,,,7230717,
HKMDS,202010,T1001,M100101,2018,,transpor,transpor_0401,movement,movement_tt,,,,,6856782,
HKMDS,202010,T1001,M100101,2019,,transpor,transpor_0401,movement,movement_tt,,,,,6508655,
HKMDS,202010,T1001,M100101,2019,06,transpor,transpor_0401,movement,movement_tt,,,,,525613,
HKMDS,202010,T1001,M100101,2019,07,transpor,transpor_0401,movement,movement_tt,,,,,585852,
HKMDS,202010,T1001,M100101,2019,08,transpor,transpor_0401,movement,movement_tt,,,,,580317,
HKMDS,202010,T1001,M100101,2019,09,transpor,transpor_0401,movement,movement_tt,,,,,558647,
HKMDS,202010,T1001,M100101,2019,10,transpor,transpor_0401,movement,movement_tt,,,,,521027,
HKMDS,202010,T1001,M100101,2019,11,transpor,transpor_0401,movement,movement_tt,,,,,564625,
HKMDS,202010,T1001,M100101,2019,12,transpor,transpor_0401,movement,movement_tt,,,,,571694,
HKMDS,202010,T1001,M100101,2020,01,transpor,transpor_0401,movement,movement_tt,,,,,423225,
HKMDS,202010,T1001,M100101,2020,02,transpor,transpor_0401,movement,movement_tt,,,,,288176,
HKMDS,202010,T1001,M100101,2020,03,transpor,transpor_0401,movement,movement_tt,,,,,507885,
HKMDS,202010,T1001,M100101,2020,04,transpor,transpor_0401,movement,movement_tt,,,,,523290,
HKMDS,202010,T1001,M100101,2020,05,transpor,transpor_0401,movement,movement_tt,,,,,536523,
HKMDS,202010,T1001,M100101,2020,06,transpor,transpor_0401,movement,movement_tt,,,,,531127,
HKMDS,202010,T1001,M100101,2020,07,transpor,transpor_0401,movement,movement_tt,,,,,572346,
HKMDS,202010,T1001,M100101,2020,08,transpor,transpor_0401,movement,movement_tt,,,,,567462,
HKMDS,202010,T1001,M100101,2017,,transpor,transpor_0402,movement,movement_01,,,,,4396788,
HKMDS,202010,T1001,M100101,2018,,transpor,transpor_0402,movement,movement_01,,,,,4412067,
HKMDS,202010,T1001,M100101,2019,,transpor,transpor_0402,movement,movement_01,,,,,4670657,
HKMDS,202010,T1001,M100101,2019,06,transpor,transpor_0402,movement,movement_01,,,,,386309,
HKMDS,202010,T1001,M100101,2019,07,transpor,transpor_0402,movement,movement_01,,,,,403953,
HKMDS,202010,T1001,M100101,2019,08,transpor,transpor_0402,movement,movement_01,,,,,388793,
HKMDS,202010,T1001,M100101,2019,09,transpor,transpor_0402,movement,movement_01,,,,,367430,
HKMDS,202010,T1001,M100101,2019,10,transpor,transpor_0402,movement,movement_01,,,,,392160,
HKMDS,202010,T1001,M100101,2019,11,transpor,transpor_0402,movement,movement_01,,,,,363976,
HKMDS,202010,T1001,M100101,2019,12,transpor,transpor_0402,movement,movement_01,,,,,378403,
HKMDS,202010,T1001,M100101,2020,01,transpor,transpor_0402,movement,movement_01,,,,,358433,
HKMDS,202010,T1001,M100101,2020,02,transpor,transpor_0402,movement,movement_01,,,,,49405,
HKMDS,202010,T1001,M100101,2020,03,transpor,transpor_0402,movement,movement_01,,,,,20327,
HKMDS,202010,T1001,M100101,2020,04,transpor,transpor_0402,movement,movement_01,,,,,1217,
HKMDS,202010,T1001,M100101,2020,05,transpor,transpor_0402,movement,movement_01,,,,,1396,
HKMDS,202010,T1001,M100101,2020,06,transpor,transpor_0402,movement,movement_01,,,,,1585,
HKMDS,202010,T1001,M100101,2020,07,transpor,transpor_0402,movement,movement_01,,,,,1448,
HKMDS,202010,T1001,M100101,2020,08,transpor,transpor_0402,movement,movement_01,,,,,1042,
HKMDS,202010,T1001,M100101,2017,,transpor,transpor_0402,movement,movement_02,,,,,4403594,
HKMDS,202010,T1001,M100101,2018,,transpor,transpor_0402,movement,movement_02,,,,,4413742,
HKMDS,202010,T1001,M100101,2019,,transpor,transpor_0402,movement,movement_02,,,,,4666418,
HKMDS,202010,T1001,M100101,2019,06,transpor,transpor_0402,movement,movement_02,,,,,386159,
HKMDS,202010,T1001,M100101,2019,07,transpor,transpor_0402,movement,movement_02,,,,,402914,
HKMDS,202010,T1001,M100101,2019,08,transpor,transpor_0402,movement,movement_02,,,,,387415,
HKMDS,202010,T1001,M100101,2019,09,transpor,transpor_0402,movement,movement_02,,,,,366772,
HKMDS,202010,T1001,M100101,2019,10,transpor,transpor_0402,movement,movement_02,,,,,392573,
HKMDS,202010,T1001,M100101,2019,11,transpor,transpor_0402,movement,movement_02,,,,,364417,
HKMDS,202010,T1001,M100101,2019,12,transpor,transpor_0402,movement,movement_02,,,,,377145,
HKMDS,202010,T1001,M100101,2020,01,transpor,transpor_0402,movement,movement_02,,,,,355503,
HKMDS,202010,T1001,M100101,2020,02,transpor,transpor_0402,movement,movement_02,,,,,48908,
HKMDS,202010,T1001,M100101,2020,03,transpor,transpor_0402,movement,movement_02,,,,,20684,
HKMDS,202010,T1001,M100101,2020,04,transpor,transpor_0402,movement,movement_02,,,,,730,
HKMDS,202010,T1001,M100101,2020,05,transpor,transpor_0402,movement,movement_02,,,,,858,
HKMDS,202010,T1001,M100101,2020,06,transpor,transpor_0402,movement,movement_02,,,,,1026,
HKMDS,202010,T1001,M100101,2020,07,transpor,transpor_0402,movement,movement_02,,,,,1238,
HKMDS,202010,T1001,M100101,2020,08,transpor,transpor_0402,movement,movement_02,,,,,692,
HKMDS,202010,T1001,M100101,2017,,transpor,transpor_0402,movement,movement_tt,,,,,8800382,
HKMDS,202010,T1001,M100101,2018,,transpor,transpor_0402,movement,movement_tt,,,,,8825809,
HKMDS,202010,T1001,M100101,2019,,transpor,transpor_0402,movement,movement_tt,,,,,9337075,
HKMDS,202010,T1001,M100101,2019,06,transpor,transpor_0402,movement,movement_tt,,,,,772468,
HKMDS,202010,T1001,M100101,2019,07,transpor,transpor_0402,movement,movement_tt,,,,,806867,
HKMDS,202010,T1001,M100101,2019,08,transpor,transpor_0402,movement,movement_tt,,,,,776208,
HKMDS,202010,T1001,M100101,2019,09,transpor,transpor_0402,movement,movement_tt,,,,,734202,
HKMDS,202010,T1001,M100101,2019,10,transpor,transpor_0402,movement,movement_tt,,,,,784733,
HKMDS,202010,T1001,M100101,2019,11,transpor,transpor_0402,movement,movement_tt,,,,,728393,
HKMDS,202010,T1001,M100101,2019,12,transpor,transpor_0402,movement,movement_tt,,,,,755548,
HKMDS,202010,T1001,M100101,2020,01,transpor,transpor_0402,movement,movement_tt,,,,,713936,
HKMDS,202010,T1001,M100101,2020,02,transpor,transpor_0402,movement,movement_tt,,,,,98313,
HKMDS,202010,T1001,M100101,2020,03,transpor,transpor_0402,movement,movement_tt,,,,,41011,
HKMDS,202010,T1001,M100101,2020,04,transpor,transpor_0402,movement,movement_tt,,,,,1947,
HKMDS,202010,T1001,M100101,2020,05,transpor,transpor_0402,movement,movement_tt,,,,,2254,
HKMDS,202010,T1001,M100101,2020,06,transpor,transpor_0402,movement,movement_tt,,,,,2611,
HKMDS,202010,T1001,M100101,2020,07,transpor,transpor_0402,movement,movement_tt,,,,,2686,
HKMDS,202010,T1001,M100101,2020,08,transpor,transpor_0402,movement,movement_tt,,,,,1734,
HKMDS,202010,T1001,M100101,2017,,transpor,transpor_05,movement,movement_01,,,,,4729,
HKMDS,202010,T1001,M100101,2018,,transpor,transpor_05,movement,movement_01,,,,,13492,
HKMDS,202010,T1001,M100101,2019,,transpor,transpor_05,movement,movement_01,,,,,35974,
HKMDS,202010,T1001,M100101,2019,06,transpor,transpor_05,movement,movement_01,,,,,3006,
HKMDS,202010,T1001,M100101,2019,07,transpor,transpor_05,movement,movement_01,,,,,3044,
HKMDS,202010,T1001,M100101,2019,08,transpor,transpor_05,movement,movement_01,,,,,3037,
HKMDS,202010,T1001,M100101,2019,09,transpor,transpor_05,movement,movement_01,,,,,2927,
HKMDS,202010,T1001,M100101,2019,10,transpor,transpor_05,movement,movement_01,,,,,2967,
HKMDS,202010,T1001,M100101,2019,11,transpor,transpor_05,movement,movement_01,,,,,2770,
HKMDS,202010,T1001,M100101,2019,12,transpor,transpor_05,movement,movement_01,,,,,3023,
HKMDS,202010,T1001,M100101,2020,01,transpor,transpor_05,movement,movement_01,,,,,2928,
HKMDS,202010,T1001,M100101,2020,02,transpor,transpor_05,movement,movement_01,,,,,0,
HKMDS,202010,T1001,M100101,2020,03,transpor,transpor_05,movement,movement_01,,,,,0,
HKMDS,202010,T1001,M100101,2020,04,transpor,transpor_05,movement,movement_01,,,,,0,
HKMDS,202010,T1001,M100101,2020,05,transpor,transpor_05,movement,movement_01,,,,,0,
HKMDS,202010,T1001,M100101,2020,06,transpor,transpor_05,movement,movement_01,,,,,0,
HKMDS,202010,T1001,M100101,2020,07,transpor,transpor_05,movement,movement_01,,,,,0,
HKMDS,202010,T1001,M100101,2020,08,transpor,transpor_05,movement,movement_01,,,,,0,
HKMDS,202010,T1001,M100101,2017,,transpor,transpor_05,movement,movement_02,,,,,4729,
HKMDS,202010,T1001,M100101,2018,,transpor,transpor_05,movement,movement_02,,,,,13497,
HKMDS,202010,T1001,M100101,2019,,transpor,transpor_05,movement,movement_02,,,,,35976,
HKMDS,202010,T1001,M100101,2019,06,transpor,transpor_05,movement,movement_02,,,,,3005,
HKMDS,202010,T1001,M100101,2019,07,transpor,transpor_05,movement,movement_02,,,,,3046,
HKMDS,202010,T1001,M100101,2019,08,transpor,transpor_05,movement,movement_02,,,,,3037,
HKMDS,202010,T1001,M100101,2019,09,transpor,transpor_05,movement,movement_02,,,,,2926,
HKMDS,202010,T1001,M100101,2019,10,transpor,transpor_05,movement,movement_02,,,,,2969,
HKMDS,202010,T1001,M100101,2019,11,transpor,transpor_05,movement,movement_02,,,,,2770,
HKMDS,202010,T1001,M100101,2019,12,transpor,transpor_05,movement,movement_02,,,,,3024,
HKMDS,202010,T1001,M100101,2020,01,transpor,transpor_05,movement,movement_02,,,,,2928,
HKMDS,202010,T1001,M100101,2020,02,transpor,transpor_05,movement,movement_02,,,,,0,
HKMDS,202010,T1001,M100101,2020,03,transpor,transpor_05,movement,movement_02,,,,,0,
HKMDS,202010,T1001,M100101,2020,04,transpor,transpor_05,movement,movement_02,,,,,0,
HKMDS,202010,T1001,M100101,2020,05,transpor,transpor_05,movement,movement_02,,,,,0,
HKMDS,202010,T1001,M100101,2020,06,transpor,transpor_05,movement,movement_02,,,,,0,
HKMDS,202010,T1001,M100101,2020,07,transpor,transpor_05,movement,movement_02,,,,,0,
HKMDS,202010,T1001,M100101,2020,08,transpor,transpor_05,movement,movement_02,,,,,0,
HKMDS,202010,T1001,M100101,2017,,transpor,transpor_05,movement,movement_tt,,,,,9458,
HKMDS,202010,T1001,M100101,2018,,transpor,transpor_05,movement,movement_tt,,,,,26989,
HKMDS,202010,T1001,M100101,2019,,transpor,transpor_05,movement,movement_tt,,,,,71950,
HKMDS,202010,T1001,M100101,2019,06,transpor,transpor_05,movement,movement_tt,,,,,6011,
HKMDS,202010,T1001,M100101,2019,07,transpor,transpor_05,movement,movement_tt,,,,,6090,
HKMDS,202010,T1001,M100101,2019,08,transpor,transpor_05,movement,movement_tt,,,,,6074,
HKMDS,202010,T1001,M100101,2019,09,transpor,transpor_05,movement,movement_tt,,,,,5853,
HKMDS,202010,T1001,M100101,2019,10,transpor,transpor_05,movement,movement_tt,,,,,5936,
HKMDS,202010,T1001,M100101,2019,11,transpor,transpor_05,movement,movement_tt,,,,,5540,
HKMDS,202010,T1001,M100101,2019,12,transpor,transpor_05,movement,movement_tt,,,,,6047,
HKMDS,202010,T1001,M100101,2020,01,transpor,transpor_05,movement,movement_tt,,,,,5856,
HKMDS,202010,T1001,M100101,2020,02,transpor,transpor_05,movement,movement_tt,,,,,0,
HKMDS,202010,T1001,M100101,2020,03,transpor,transpor_05,movement,movement_tt,,,,,0,
HKMDS,202010,T1001,M100101,2020,04,transpor,transpor_05,movement,movement_tt,,,,,0,
HKMDS,202010,T1001,M100101,2020,05,transpor,transpor_05,movement,movement_tt,,,,,0,
HKMDS,202010,T1001,M100101,2020,06,transpor,transpor_05,movement,movement_tt,,,,,0,
HKMDS,202010,T1001,M100101,2020,07,transpor,transpor_05,movement,movement_tt,,,,,0,
HKMDS,202010,T1001,M100101,2020,08,transpor,transpor_05,movement,movement_tt,,,,,0,
HKMDS,202010,T1002,M100201,2017,,mode,mode_01,cargomove,cargomove_01,,,,,1724,
HKMDS,202010,T1002,M100201,2018,,mode,mode_01,cargomove,cargomove_01,,,,,1781,
HKMDS,202010,T1002,M100201,2019,,mode,mode_01,cargomove,cargomove_01,,,,,1607,
HKMDS,202010,T1002,M100201,2019,06,mode,mode_01,cargomove,cargomove_01,,,,,133,
HKMDS,202010,T1002,M100201,2019,07,mode,mode_01,cargomove,cargomove_01,,,,,135,
HKMDS,202010,T1002,M100201,2019,08,mode,mode_01,cargomove,cargomove_01,,,,,127,
HKMDS,202010,T1002,M100201,2019,09,mode,mode_01,cargomove,cargomove_01,,,,,135,
HKMDS,202010,T1002,M100201,2019,10,mode,mode_01,cargomove,cargomove_01,,,,,139,
HKMDS,202010,T1002,M100201,2019,11,mode,mode_01,cargomove,cargomove_01,,,,,140,
HKMDS,202010,T1002,M100201,2019,12,mode,mode_01,cargomove,cargomove_01,,,,,141,
HKMDS,202010,T1002,M100201,2020,01,mode,mode_01,cargomove,cargomove_01,,,,,116,
HKMDS,202010,T1002,M100201,2020,02,mode,mode_01,cargomove,cargomove_01,,,,,115,
HKMDS,202010,T1002,M100201,2020,03,mode,mode_01,cargomove,cargomove_01,,,,,124,
HKMDS,202010,T1002,M100201,2020,04,mode,mode_01,cargomove,cargomove_01,,,,,99,
HKMDS,202010,T1002,M100201,2020,05,mode,mode_01,cargomove,cargomove_01,,,,,111,
HKMDS,202010,T1002,M100201,2020,06,mode,mode_01,cargomove,cargomove_01,,,,,113,
HKMDS,202010,T1002,M100201,2020,07,mode,mode_01,cargomove,cargomove_01,,,,,119,(#)
HKMDS,202010,T1002,M100201,2020,08,mode,mode_01,cargomove,cargomove_01,,,,,117,(#)
HKMDS,202010,T1002,M100201,2017,,mode,mode_01,cargomove,cargomove_02,,,,,3214,
HKMDS,202010,T1002,M100201,2018,,mode,mode_01,cargomove,cargomove_02,,,,,3237,
HKMDS,202010,T1002,M100201,2019,,mode,mode_01,cargomove,cargomove_02,,,,,3097,
HKMDS,202010,T1002,M100201,2019,06,mode,mode_01,cargomove,cargomove_02,,,,,246,
HKMDS,202010,T1002,M100201,2019,07,mode,mode_01,cargomove,cargomove_02,,,,,257,
HKMDS,202010,T1002,M100201,2019,08,mode,mode_01,cargomove,cargomove_02,,,,,251,
HKMDS,202010,T1002,M100201,2019,09,mode,mode_01,cargomove,cargomove_02,,,,,262,
HKMDS,202010,T1002,M100201,2019,10,mode,mode_01,cargomove,cargomove_02,,,,,281,
HKMDS,202010,T1002,M100201,2019,11,mode,mode_01,cargomove,cargomove_02,,,,,300,
HKMDS,202010,T1002,M100201,2019,12,mode,mode_01,cargomove,cargomove_02,,,,,292,
HKMDS,202010,T1002,M100201,2020,01,mode,mode_01,cargomove,cargomove_02,,,,,236,
HKMDS,202010,T1002,M100201,2020,02,mode,mode_01,cargomove,cargomove_02,,,,,132,
HKMDS,202010,T1002,M100201,2020,03,mode,mode_01,cargomove,cargomove_02,,,,,251,
HKMDS,202010,T1002,M100201,2020,04,mode,mode_01,cargomove,cargomove_02,,,,,236,
HKMDS,202010,T1002,M100201,2020,05,mode,mode_01,cargomove,cargomove_02,,,,,264,
HKMDS,202010,T1002,M100201,2020,06,mode,mode_01,cargomove,cargomove_02,,,,,241,
HKMDS,202010,T1002,M100201,2020,07,mode,mode_01,cargomove,cargomove_02,,,,,250,(#)
HKMDS,202010,T1002,M100201,2020,08,mode,mode_01,cargomove,cargomove_02,,,,,253,(#)
HKMDS,202010,T1002,M100201,2017,,mode,mode_01,cargomove,cargomove_tt,,,,,4937,
HKMDS,202010,T1002,M100201,2018,,mode,mode_01,cargomove,cargomove_tt,,,,,5018,
HKMDS,202010,T1002,M100201,2019,,mode,mode_01,cargomove,cargomove_tt,,,,,4704,
HKMDS,202010,T1002,M100201,2019,06,mode,mode_01,cargomove,cargomove_tt,,,,,379,
HKMDS,202010,T1002,M100201,2019,07,mode,mode_01,cargomove,cargomove_tt,,,,,392,
HKMDS,202010,T1002,M100201,2019,08,mode,mode_01,cargomove,cargomove_tt,,,,,378,
HKMDS,202010,T1002,M100201,2019,09,mode,mode_01,cargomove,cargomove_tt,,,,,397,
HKMDS,202010,T1002,M100201,2019,10,mode,mode_01,cargomove,cargomove_tt,,,,,419,
HKMDS,202010,T1002,M100201,2019,11,mode,mode_01,cargomove,cargomove_tt,,,,,440,
HKMDS,202010,T1002,M100201,2019,12,mode,mode_01,cargomove,cargomove_tt,,,,,433,
HKMDS,202010,T1002,M100201,2020,01,mode,mode_01,cargomove,cargomove_tt,,,,,351,
HKMDS,202010,T1002,M100201,2020,02,mode,mode_01,cargomove,cargomove_tt,,,,,247,
HKMDS,202010,T1002,M100201,2020,03,mode,mode_01,cargomove,cargomove_tt,,,,,375,
HKMDS,202010,T1002,M100201,2020,04,mode,mode_01,cargomove,cargomove_tt,,,,,335,
HKMDS,202010,T1002,M100201,2020,05,mode,mode_01,cargomove,cargomove_tt,,,,,374,
HKMDS,202010,T1002,M100201,2020,06,mode,mode_01,cargomove,cargomove_tt,,,,,354,
HKMDS,202010,T1002,M100201,2020,07,mode,mode_01,cargomove,cargomove_tt,,,,,369,(#)
HKMDS,202010,T1002,M100201,2020,08,mode,mode_01,cargomove,cargomove_tt,,,,,370,(#)
HKMDS,202010,T1002,M100201,2017,,mode,mode_02,cargomove,cargomove_01,,,,,118873,
HKMDS,202010,T1002,M100201,2018,,mode,mode_02,cargomove,cargomove_01,,,,,109878,
HKMDS,202010,T1002,M100201,2019,,mode,mode_02,cargomove,cargomove_01,,,,,111152,
HKMDS,202010,T1002,M100201,2019,06,mode,mode_02,cargomove,cargomove_01,,,,,9136,
HKMDS,202010,T1002,M100201,2019,07,mode,mode_02,cargomove,cargomove_01,,,,,9472,
HKMDS,202010,T1002,M100201,2019,08,mode,mode_02,cargomove,cargomove_01,,,,,9603,
HKMDS,202010,T1002,M100201,2019,09,mode,mode_02,cargomove,cargomove_01,,,,,8170,
HKMDS,202010,T1002,M100201,2019,10,mode,mode_02,cargomove,cargomove_01,,,,,10447,
HKMDS,202010,T1002,M100201,2019,11,mode,mode_02,cargomove,cargomove_01,,,,,8967,
HKMDS,202010,T1002,M100201,2019,12,mode,mode_02,cargomove,cargomove_01,,,,,9878,
HKMDS,202010,T1002,M100201,2020,01,mode,mode_02,cargomove,cargomove_01,,,,,8625,
HKMDS,202010,T1002,M100201,2020,02,mode,mode_02,cargomove,cargomove_01,,,,,7050,
HKMDS,202010,T1002,M100201,2020,03,mode,mode_02,cargomove,cargomove_01,,,,,9222,
HKMDS,202010,T1002,M100201,2020,04,mode,mode_02,cargomove,cargomove_01,,,,,9290,
HKMDS,202010,T1002,M100201,2020,05,mode,mode_02,cargomove,cargomove_01,,,,,9850,
HKMDS,202010,T1002,M100201,2020,06,mode,mode_02,cargomove,cargomove_01,,,,,8772,
HKMDS,202010,T1002,M100201,2020,07,mode,mode_02,cargomove,cargomove_01,,,,,9265,(#)
HKMDS,202010,T1002,M100201,2020,08,mode,mode_02,cargomove,cargomove_01,,,,,N.A.,
HKMDS,202010,T1002,M100201,2017,,mode,mode_02,cargomove,cargomove_02,,,,,58017,
HKMDS,202010,T1002,M100201,2018,,mode,mode_02,cargomove,cargomove_02,,,,,54672,
HKMDS,202010,T1002,M100201,2019,,mode,mode_02,cargomove,cargomove_02,,,,,50172,
HKMDS,202010,T1002,M100201,2019,06,mode,mode_02,cargomove,cargomove_02,,,,,4231,
HKMDS,202010,T1002,M100201,2019,07,mode,mode_02,cargomove,cargomove_02,,,,,4309,
HKMDS,202010,T1002,M100201,2019,08,mode,mode_02,cargomove,cargomove_02,,,,,4109,
HKMDS,202010,T1002,M100201,2019,09,mode,mode_02,cargomove,cargomove_02,,,,,4115,
HKMDS,202010,T1002,M100201,2019,10,mode,mode_02,cargomove,cargomove_02,,,,,4141,
HKMDS,202010,T1002,M100201,2019,11,mode,mode_02,cargomove,cargomove_02,,,,,4202,
HKMDS,202010,T1002,M100201,2019,12,mode,mode_02,cargomove,cargomove_02,,,,,4274,
HKMDS,202010,T1002,M100201,2020,01,mode,mode_02,cargomove,cargomove_02,,,,,4016,
HKMDS,202010,T1002,M100201,2020,02,mode,mode_02,cargomove,cargomove_02,,,,,2699,
HKMDS,202010,T1002,M100201,2020,03,mode,mode_02,cargomove,cargomove_02,,,,,4053,
HKMDS,202010,T1002,M100201,2020,04,mode,mode_02,cargomove,cargomove_02,,,,,4004,
HKMDS,202010,T1002,M100201,2020,05,mode,mode_02,cargomove,cargomove_02,,,,,3606,
HKMDS,202010,T1002,M100201,2020,06,mode,mode_02,cargomove,cargomove_02,,,,,3732,
HKMDS,202010,T1002,M100201,2020,07,mode,mode_02,cargomove,cargomove_02,,,,,3823,(#)
HKMDS,202010,T1002,M100201,2020,08,mode,mode_02,cargomove,cargomove_02,,,,,N.A.,
HKMDS,202010,T1002,M100201,2017,,mode,mode_02,cargomove,cargomove_tt,,,,,176889,
HKMDS,202010,T1002,M100201,2018,,mode,mode_02,cargomove,cargomove_tt,,,,,164550,
HKMDS,202010,T1002,M100201,2019,,mode,mode_02,cargomove,cargomove_tt,,,,,161324,
HKMDS,202010,T1002,M100201,2019,06,mode,mode_02,cargomove,cargomove_tt,,,,,13367,
HKMDS,202010,T1002,M100201,2019,07,mode,mode_02,cargomove,cargomove_tt,,,,,13782,
HKMDS,202010,T1002,M100201,2019,08,mode,mode_02,cargomove,cargomove_tt,,,,,13712,
HKMDS,202010,T1002,M100201,2019,09,mode,mode_02,cargomove,cargomove_tt,,,,,12285,
HKMDS,202010,T1002,M100201,2019,10,mode,mode_02,cargomove,cargomove_tt,,,,,14588,
HKMDS,202010,T1002,M100201,2019,11,mode,mode_02,cargomove,cargomove_tt,,,,,13169,
HKMDS,202010,T1002,M100201,2019,12,mode,mode_02,cargomove,cargomove_tt,,,,,14152,
HKMDS,202010,T1002,M100201,2020,01,mode,mode_02,cargomove,cargomove_tt,,,,,12641,
HKMDS,202010,T1002,M100201,2020,02,mode,mode_02,cargomove,cargomove_tt,,,,,9749,
HKMDS,202010,T1002,M100201,2020,03,mode,mode_02,cargomove,cargomove_tt,,,,,13274,
HKMDS,202010,T1002,M100201,2020,04,mode,mode_02,cargomove,cargomove_tt,,,,,13293,
HKMDS,202010,T1002,M100201,2020,05,mode,mode_02,cargomove,cargomove_tt,,,,,13456,
HKMDS,202010,T1002,M100201,2020,06,mode,mode_02,cargomove,cargomove_tt,,,,,12504,
HKMDS,202010,T1002,M100201,2020,07,mode,mode_02,cargomove,cargomove_tt,,,,,13088,(#)
HKMDS,202010,T1002,M100201,2020,08,mode,mode_02,cargomove,cargomove_tt,,,,,N.A.,
HKMDS,202010,T1002,M100201,2017,,mode,mode_03,cargomove,cargomove_01,,,,,55705,
HKMDS,202010,T1002,M100201,2018,,mode,mode_03,cargomove,cargomove_01,,,,,49631,
HKMDS,202010,T1002,M100201,2019,,mode,mode_03,cargomove,cargomove_01,,,,,59781,
HKMDS,202010,T1002,M100201,2019,06,mode,mode_03,cargomove,cargomove_01,,,,,4964,
HKMDS,202010,T1002,M100201,2019,07,mode,mode_03,cargomove,cargomove_01,,,,,5390,
HKMDS,202010,T1002,M100201,2019,08,mode,mode_03,cargomove,cargomove_01,,,,,5666,
HKMDS,202010,T1002,M100201,2019,09,mode,mode_03,cargomove,cargomove_01,,,,,5406,
HKMDS,202010,T1002,M100201,2019,10,mode,mode_03,cargomove,cargomove_01,,,,,5575,
HKMDS,202010,T1002,M100201,2019,11,mode,mode_03,cargomove,cargomove_01,,,,,5293,
HKMDS,202010,T1002,M100201,2019,12,mode,mode_03,cargomove,cargomove_01,,,,,5614,
HKMDS,202010,T1002,M100201,2020,01,mode,mode_03,cargomove,cargomove_01,,,,,4795,
HKMDS,202010,T1002,M100201,2020,02,mode,mode_03,cargomove,cargomove_01,,,,,3058,
HKMDS,202010,T1002,M100201,2020,03,mode,mode_03,cargomove,cargomove_01,,,,,6265,
HKMDS,202010,T1002,M100201,2020,04,mode,mode_03,cargomove,cargomove_01,,,,,6355,
HKMDS,202010,T1002,M100201,2020,05,mode,mode_03,cargomove,cargomove_01,,,,,7252,
HKMDS,202010,T1002,M100201,2020,06,mode,mode_03,cargomove,cargomove_01,,,,,6153,
HKMDS,202010,T1002,M100201,2020,07,mode,mode_03,cargomove,cargomove_01,,,,,6226,(#)
HKMDS,202010,T1002,M100201,2020,08,mode,mode_03,cargomove,cargomove_01,,,,,N.A.,
HKMDS,202010,T1002,M100201,2017,,mode,mode_03,cargomove,cargomove_02,,,,,48951,
HKMDS,202010,T1002,M100201,2018,,mode,mode_03,cargomove,cargomove_02,,,,,44360,
HKMDS,202010,T1002,M100201,2019,,mode,mode_03,cargomove,cargomove_02,,,,,42210,
HKMDS,202010,T1002,M100201,2019,06,mode,mode_03,cargomove,cargomove_02,,,,,3893,
HKMDS,202010,T1002,M100201,2019,07,mode,mode_03,cargomove,cargomove_02,,,,,3563,
HKMDS,202010,T1002,M100201,2019,08,mode,mode_03,cargomove,cargomove_02,,,,,3831,
HKMDS,202010,T1002,M100201,2019,09,mode,mode_03,cargomove,cargomove_02,,,,,3542,
HKMDS,202010,T1002,M100201,2019,10,mode,mode_03,cargomove,cargomove_02,,,,,3037,
HKMDS,202010,T1002,M100201,2019,11,mode,mode_03,cargomove,cargomove_02,,,,,3187,
HKMDS,202010,T1002,M100201,2019,12,mode,mode_03,cargomove,cargomove_02,,,,,3159,
HKMDS,202010,T1002,M100201,2020,01,mode,mode_03,cargomove,cargomove_02,,,,,2146,
HKMDS,202010,T1002,M100201,2020,02,mode,mode_03,cargomove,cargomove_02,,,,,2317,
HKMDS,202010,T1002,M100201,2020,03,mode,mode_03,cargomove,cargomove_02,,,,,2919,
HKMDS,202010,T1002,M100201,2020,04,mode,mode_03,cargomove,cargomove_02,,,,,2533,
HKMDS,202010,T1002,M100201,2020,05,mode,mode_03,cargomove,cargomove_02,,,,,3125,
HKMDS,202010,T1002,M100201,2020,06,mode,mode_03,cargomove,cargomove_02,,,,,2784,
HKMDS,202010,T1002,M100201,2020,07,mode,mode_03,cargomove,cargomove_02,,,,,2898,(#)
HKMDS,202010,T1002,M100201,2020,08,mode,mode_03,cargomove,cargomove_02,,,,,N.A.,
HKMDS,202010,T1002,M100201,2017,,mode,mode_03,cargomove,cargomove_tt,,,,,104656,
HKMDS,202010,T1002,M100201,2018,,mode,mode_03,cargomove,cargomove_tt,,,,,93991,
HKMDS,202010,T1002,M100201,2019,,mode,mode_03,cargomove,cargomove_tt,,,,,101992,
HKMDS,202010,T1002,M100201,2019,06,mode,mode_03,cargomove,cargomove_tt,,,,,8857,
HKMDS,202010,T1002,M100201,2019,07,mode,mode_03,cargomove,cargomove_tt,,,,,8953,
HKMDS,202010,T1002,M100201,2019,08,mode,mode_03,cargomove,cargomove_tt,,,,,9496,
HKMDS,202010,T1002,M100201,2019,09,mode,mode_03,cargomove,cargomove_tt,,,,,8948,
HKMDS,202010,T1002,M100201,2019,10,mode,mode_03,cargomove,cargomove_tt,,,,,8612,
HKMDS,202010,T1002,M100201,2019,11,mode,mode_03,cargomove,cargomove_tt,,,,,8481,
HKMDS,202010,T1002,M100201,2019,12,mode,mode_03,cargomove,cargomove_tt,,,,,8772,
HKMDS,202010,T1002,M100201,2020,01,mode,mode_03,cargomove,cargomove_tt,,,,,6941,
HKMDS,202010,T1002,M100201,2020,02,mode,mode_03,cargomove,cargomove_tt,,,,,5375,
HKMDS,202010,T1002,M100201,2020,03,mode,mode_03,cargomove,cargomove_tt,,,,,9184,
HKMDS,202010,T1002,M100201,2020,04,mode,mode_03,cargomove,cargomove_tt,,,,,8888,
HKMDS,202010,T1002,M100201,2020,05,mode,mode_03,cargomove,cargomove_tt,,,,,10377,
HKMDS,202010,T1002,M100201,2020,06,mode,mode_03,cargomove,cargomove_tt,,,,,8937,
HKMDS,202010,T1002,M100201,2020,07,mode,mode_03,cargomove,cargomove_tt,,,,,9125,(#)
HKMDS,202010,T1002,M100201,2020,08,mode,mode_03,cargomove,cargomove_tt,,,,,N.A.,
HKMDS,202010,T1002,M100201,2017,,mode,mode_04,cargomove,cargomove_01,,,,,14774,
HKMDS,202010,T1002,M100201,2018,,mode,mode_04,cargomove,cargomove_01,,,,,14140,
HKMDS,202010,T1002,M100201,2019,,mode,mode_04,cargomove,cargomove_01,,,,,13125,
HKMDS,202010,T1002,M100201,2019,06,mode,mode_04,cargomove,cargomove_01,,,,,1070,
HKMDS,202010,T1002,M100201,2019,07,mode,mode_04,cargomove,cargomove_01,,,,,1163,
HKMDS,202010,T1002,M100201,2019,08,mode,mode_04,cargomove,cargomove_01,,,,,1165,
HKMDS,202010,T1002,M100201,2019,09,mode,mode_04,cargomove,cargomove_01,,,,,1134,
HKMDS,202010,T1002,M100201,2019,10,mode,mode_04,cargomove,cargomove_01,,,,,1061,
HKMDS,202010,T1002,M100201,2019,11,mode,mode_04,cargomove,cargomove_01,,,,,1152,
HKMDS,202010,T1002,M100201,2019,12,mode,mode_04,cargomove,cargomove_01,,,,,1153,
HKMDS,202010,T1002,M100201,2020,01,mode,mode_04,cargomove,cargomove_01,,,,,885,
HKMDS,202010,T1002,M100201,2020,02,mode,mode_04,cargomove,cargomove_01,,,,,549,
HKMDS,202010,T1002,M100201,2020,03,mode,mode_04,cargomove,cargomove_01,,,,,1042,
HKMDS,202010,T1002,M100201,2020,04,mode,mode_04,cargomove,cargomove_01,,,,,1028,
HKMDS,202010,T1002,M100201,2020,05,mode,mode_04,cargomove,cargomove_01,,,,,994,
HKMDS,202010,T1002,M100201,2020,06,mode,mode_04,cargomove,cargomove_01,,,,,1027,
HKMDS,202010,T1002,M100201,2020,07,mode,mode_04,cargomove,cargomove_01,,,,,1120,
HKMDS,202010,T1002,M100201,2020,08,mode,mode_04,cargomove,cargomove_01,,,,,1070,
HKMDS,202010,T1002,M100201,2017,,mode,mode_04,cargomove,cargomove_02,,,,,7536,
HKMDS,202010,T1002,M100201,2018,,mode,mode_04,cargomove,cargomove_02,,,,,7476,
HKMDS,202010,T1002,M100201,2019,,mode,mode_04,cargomove,cargomove_02,,,,,7279,
HKMDS,202010,T1002,M100201,2019,06,mode,mode_04,cargomove,cargomove_02,,,,,568,
HKMDS,202010,T1002,M100201,2019,07,mode,mode_04,cargomove,cargomove_02,,,,,621,
HKMDS,202010,T1002,M100201,2019,08,mode,mode_04,cargomove,cargomove_02,,,,,648,
HKMDS,202010,T1002,M100201,2019,09,mode,mode_04,cargomove,cargomove_02,,,,,598,
HKMDS,202010,T1002,M100201,2019,10,mode,mode_04,cargomove,cargomove_02,,,,,557,
HKMDS,202010,T1002,M100201,2019,11,mode,mode_04,cargomove,cargomove_02,,,,,593,
HKMDS,202010,T1002,M100201,2019,12,mode,mode_04,cargomove,cargomove_02,,,,,607,
HKMDS,202010,T1002,M100201,2020,01,mode,mode_04,cargomove,cargomove_02,,,,,458,
HKMDS,202010,T1002,M100201,2020,02,mode,mode_04,cargomove,cargomove_02,,,,,369,
HKMDS,202010,T1002,M100201,2020,03,mode,mode_04,cargomove,cargomove_02,,,,,596,
HKMDS,202010,T1002,M100201,2020,04,mode,mode_04,cargomove,cargomove_02,,,,,614,
HKMDS,202010,T1002,M100201,2020,05,mode,mode_04,cargomove,cargomove_02,,,,,577,
HKMDS,202010,T1002,M100201,2020,06,mode,mode_04,cargomove,cargomove_02,,,,,534,
HKMDS,202010,T1002,M100201,2020,07,mode,mode_04,cargomove,cargomove_02,,,,,578,
HKMDS,202010,T1002,M100201,2020,08,mode,mode_04,cargomove,cargomove_02,,,,,546,
HKMDS,202010,T1002,M100201,2017,,mode,mode_04,cargomove,cargomove_tt,,,,,22310,
HKMDS,202010,T1002,M100201,2018,,mode,mode_04,cargomove,cargomove_tt,,,,,21616,
HKMDS,202010,T1002,M100201,2019,,mode,mode_04,cargomove,cargomove_tt,,,,,20403,
HKMDS,202010,T1002,M100201,2019,06,mode,mode_04,cargomove,cargomove_tt,,,,,1638,
HKMDS,202010,T1002,M100201,2019,07,mode,mode_04,cargomove,cargomove_tt,,,,,1784,
HKMDS,202010,T1002,M100201,2019,08,mode,mode_04,cargomove,cargomove_tt,,,,,1812,
HKMDS,202010,T1002,M100201,2019,09,mode,mode_04,cargomove,cargomove_tt,,,,,1732,
HKMDS,202010,T1002,M100201,2019,10,mode,mode_04,cargomove,cargomove_tt,,,,,1618,
HKMDS,202010,T1002,M100201,2019,11,mode,mode_04,cargomove,cargomove_tt,,,,,1745,
HKMDS,202010,T1002,M100201,2019,12,mode,mode_04,cargomove,cargomove_tt,,,,,1760,
HKMDS,202010,T1002,M100201,2020,01,mode,mode_04,cargomove,cargomove_tt,,,,,1343,
HKMDS,202010,T1002,M100201,2020,02,mode,mode_04,cargomove,cargomove_tt,,,,,919,
HKMDS,202010,T1002,M100201,2020,03,mode,mode_04,cargomove,cargomove_tt,,,,,1639,
HKMDS,202010,T1002,M100201,2020,04,mode,mode_04,cargomove,cargomove_tt,,,,,1642,
HKMDS,202010,T1002,M100201,2020,05,mode,mode_04,cargomove,cargomove_tt,,,,,1571,
HKMDS,202010,T1002,M100201,2020,06,mode,mode_04,cargomove,cargomove_tt,,,,,1561,
HKMDS,202010,T1002,M100201,2020,07,mode,mode_04,cargomove,cargomove_tt,,,,,1699,
HKMDS,202010,T1002,M100201,2020,08,mode,mode_04,cargomove,cargomove_tt,,,,,1616,
HKMDS,202010,T1002,M100201,2017,,mode,mode_tt,cargomove,cargomove_01,,,,,191076,
HKMDS,202010,T1002,M100201,2018,,mode,mode_tt,cargomove,cargomove_01,,,,,175430,
HKMDS,202010,T1002,M100201,2019,,mode,mode_tt,cargomove,cargomove_01,,,,,185665,
HKMDS,202010,T1002,M100201,2019,06,mode,mode_tt,cargomove,cargomove_01,,,,,15303,
HKMDS,202010,T1002,M100201,2019,07,mode,mode_tt,cargomove,cargomove_01,,,,,16160,
HKMDS,202010,T1002,M100201,2019,08,mode,mode_tt,cargomove,cargomove_01,,,,,16561,
HKMDS,202010,T1002,M100201,2019,09,mode,mode_tt,cargomove,cargomove_01,,,,,14845,
HKMDS,202010,T1002,M100201,2019,10,mode,mode_tt,cargomove,cargomove_01,,,,,17222,
HKMDS,202010,T1002,M100201,2019,11,mode,mode_tt,cargomove,cargomove_01,,,,,15552,
HKMDS,202010,T1002,M100201,2019,12,mode,mode_tt,cargomove,cargomove_01,,,,,16786,
HKMDS,202010,T1002,M100201,2020,01,mode,mode_tt,cargomove,cargomove_01,,,,,14421,
HKMDS,202010,T1002,M100201,2020,02,mode,mode_tt,cargomove,cargomove_01,,,,,10772,
HKMDS,202010,T1002,M100201,2020,03,mode,mode_tt,cargomove,cargomove_01,,,,,16652,
HKMDS,202010,T1002,M100201,2020,04,mode,mode_tt,cargomove,cargomove_01,,,,,16772,
HKMDS,202010,T1002,M100201,2020,05,mode,mode_tt,cargomove,cargomove_01,,,,,18206,
HKMDS,202010,T1002,M100201,2020,06,mode,mode_tt,cargomove,cargomove_01,,,,,16065,
HKMDS,202010,T1002,M100201,2020,07,mode,mode_tt,cargomove,cargomove_01,,,,,16730,(#)
HKMDS,202010,T1002,M100201,2020,08,mode,mode_tt,cargomove,cargomove_01,,,,,N.A.,
HKMDS,202010,T1002,M100201,2017,,mode,mode_tt,cargomove,cargomove_02,,,,,117717,
HKMDS,202010,T1002,M100201,2018,,mode,mode_tt,cargomove,cargomove_02,,,,,109745,
HKMDS,202010,T1002,M100201,2019,,mode,mode_tt,cargomove,cargomove_02,,,,,102758,
HKMDS,202010,T1002,M100201,2019,06,mode,mode_tt,cargomove,cargomove_02,,,,,8938,
HKMDS,202010,T1002,M100201,2019,07,mode,mode_tt,cargomove,cargomove_02,,,,,8750,
HKMDS,202010,T1002,M100201,2019,08,mode,mode_tt,cargomove,cargomove_02,,,,,8838,
HKMDS,202010,T1002,M100201,2019,09,mode,mode_tt,cargomove,cargomove_02,,,,,8516,
HKMDS,202010,T1002,M100201,2019,10,mode,mode_tt,cargomove,cargomove_02,,,,,8015,
HKMDS,202010,T1002,M100201,2019,11,mode,mode_tt,cargomove,cargomove_02,,,,,8282,
HKMDS,202010,T1002,M100201,2019,12,mode,mode_tt,cargomove,cargomove_02,,,,,8331,
HKMDS,202010,T1002,M100201,2020,01,mode,mode_tt,cargomove,cargomove_02,,,,,6855,
HKMDS,202010,T1002,M100201,2020,02,mode,mode_tt,cargomove,cargomove_02,,,,,5517,
HKMDS,202010,T1002,M100201,2020,03,mode,mode_tt,cargomove,cargomove_02,,,,,7819,
HKMDS,202010,T1002,M100201,2020,04,mode,mode_tt,cargomove,cargomove_02,,,,,7387,
HKMDS,202010,T1002,M100201,2020,05,mode,mode_tt,cargomove,cargomove_02,,,,,7573,
HKMDS,202010,T1002,M100201,2020,06,mode,mode_tt,cargomove,cargomove_02,,,,,7291,
HKMDS,202010,T1002,M100201,2020,07,mode,mode_tt,cargomove,cargomove_02,,,,,7550,(#)
HKMDS,202010,T1002,M100201,2020,08,mode,mode_tt,cargomove,cargomove_02,,,,,N.A.,
HKMDS,202010,T1002,M100201,2017,,mode,mode_tt,cargomove,cargomove_tt,,,,,308793,
HKMDS,202010,T1002,M100201,2018,,mode,mode_tt,cargomove,cargomove_tt,,,,,285175,
HKMDS,202010,T1002,M100201,2019,,mode,mode_tt,cargomove,cargomove_tt,,,,,288422,
HKMDS,202010,T1002,M100201,2019,06,mode,mode_tt,cargomove,cargomove_tt,,,,,24241,
HKMDS,202010,T1002,M100201,2019,07,mode,mode_tt,cargomove,cargomove_tt,,,,,24910,
HKMDS,202010,T1002,M100201,2019,08,mode,mode_tt,cargomove,cargomove_tt,,,,,25399,
HKMDS,202010,T1002,M100201,2019,09,mode,mode_tt,cargomove,cargomove_tt,,,,,23361,
HKMDS,202010,T1002,M100201,2019,10,mode,mode_tt,cargomove,cargomove_tt,,,,,25237,
HKMDS,202010,T1002,M100201,2019,11,mode,mode_tt,cargomove,cargomove_tt,,,,,23834,
HKMDS,202010,T1002,M100201,2019,12,mode,mode_tt,cargomove,cargomove_tt,,,,,25117,
HKMDS,202010,T1002,M100201,2020,01,mode,mode_tt,cargomove,cargomove_tt,,,,,21276,
HKMDS,202010,T1002,M100201,2020,02,mode,mode_tt,cargomove,cargomove_tt,,,,,16289,
HKMDS,202010,T1002,M100201,2020,03,mode,mode_tt,cargomove,cargomove_tt,,,,,24471,
HKMDS,202010,T1002,M100201,2020,04,mode,mode_tt,cargomove,cargomove_tt,,,,,24158,
HKMDS,202010,T1002,M100201,2020,05,mode,mode_tt,cargomove,cargomove_tt,,,,,25779,
HKMDS,202010,T1002,M100201,2020,06,mode,mode_tt,cargomove,cargomove_tt,,,,,23357,
HKMDS,202010,T1002,M100201,2020,07,mode,mode_tt,cargomove,cargomove_tt,,,,,24280,(#)
HKMDS,202010,T1002,M100201,2020,08,mode,mode_tt,cargomove,cargomove_tt,,,,,N.A.,
HKMDS,202010,T1003,M100301,2017,,location,location_01,contmove,contmove_01,Conttype,Conttype_01,,,7406,
HKMDS,202010,T1003,M100301,2018,,location,location_01,contmove,contmove_01,Conttype,Conttype_01,,,6800,
HKMDS,202010,T1003,M100301,2019,,location,location_01,contmove,contmove_01,Conttype,Conttype_01,,,6393,
HKMDS,202010,T1003,M100301,2019,06,location,location_01,contmove,contmove_01,Conttype,Conttype_01,,,521,
HKMDS,202010,T1003,M100301,2019,07,location,location_01,contmove,contmove_01,Conttype,Conttype_01,,,536,
HKMDS,202010,T1003,M100301,2019,08,location,location_01,contmove,contmove_01,Conttype,Conttype_01,,,549,
HKMDS,202010,T1003,M100301,2019,09,location,location_01,contmove,contmove_01,Conttype,Conttype_01,,,497,
HKMDS,202010,T1003,M100301,2019,10,location,location_01,contmove,contmove_01,Conttype,Conttype_01,,,543,
HKMDS,202010,T1003,M100301,2019,11,location,location_01,contmove,contmove_01,Conttype,Conttype_01,,,532,
HKMDS,202010,T1003,M100301,2019,12,location,location_01,contmove,contmove_01,Conttype,Conttype_01,,,561,
HKMDS,202010,T1003,M100301,2020,01,location,location_01,contmove,contmove_01,Conttype,Conttype_01,,,489,
HKMDS,202010,T1003,M100301,2020,02,location,location_01,contmove,contmove_01,Conttype,Conttype_01,,,439,
HKMDS,202010,T1003,M100301,2020,03,location,location_01,contmove,contmove_01,Conttype,Conttype_01,,,544,
HKMDS,202010,T1003,M100301,2020,04,location,location_01,contmove,contmove_01,Conttype,Conttype_01,,,514,
HKMDS,202010,T1003,M100301,2020,05,location,location_01,contmove,contmove_01,Conttype,Conttype_01,,,561,
HKMDS,202010,T1003,M100301,2020,06,location,location_01,contmove,contmove_01,Conttype,Conttype_01,,,553,
HKMDS,202010,T1003,M100301,2020,07,location,location_01,contmove,contmove_01,Conttype,Conttype_01,,,563,
HKMDS,202010,T1003,M100301,2020,08,location,location_01,contmove,contmove_01,Conttype,Conttype_01,,,567,
HKMDS,202010,T1003,M100301,2017,,location,location_01,contmove,contmove_01,Conttype,Conttype_02,,,1049,
HKMDS,202010,T1003,M100301,2018,,location,location_01,contmove,contmove_01,Conttype,Conttype_02,,,1202,
HKMDS,202010,T1003,M100301,2019,,location,location_01,contmove,contmove_01,Conttype,Conttype_02,,,1080,
HKMDS,202010,T1003,M100301,2019,06,location,location_01,contmove,contmove_01,Conttype,Conttype_02,,,80,
HKMDS,202010,T1003,M100301,2019,07,location,location_01,contmove,contmove_01,Conttype,Conttype_02,,,85,
HKMDS,202010,T1003,M100301,2019,08,location,location_01,contmove,contmove_01,Conttype,Conttype_02,,,99,
HKMDS,202010,T1003,M100301,2019,09,location,location_01,contmove,contmove_01,Conttype,Conttype_02,,,97,
HKMDS,202010,T1003,M100301,2019,10,location,location_01,contmove,contmove_01,Conttype,Conttype_02,,,113,
HKMDS,202010,T1003,M100301,2019,11,location,location_01,contmove,contmove_01,Conttype,Conttype_02,,,92,
HKMDS,202010,T1003,M100301,2019,12,location,location_01,contmove,contmove_01,Conttype,Conttype_02,,,80,
HKMDS,202010,T1003,M100301,2020,01,location,location_01,contmove,contmove_01,Conttype,Conttype_02,,,100,
HKMDS,202010,T1003,M100301,2020,02,location,location_01,contmove,contmove_01,Conttype,Conttype_02,,,84,
HKMDS,202010,T1003,M100301,2020,03,location,location_01,contmove,contmove_01,Conttype,Conttype_02,,,85,
HKMDS,202010,T1003,M100301,2020,04,location,location_01,contmove,contmove_01,Conttype,Conttype_02,,,84,
HKMDS,202010,T1003,M100301,2020,05,location,location_01,contmove,contmove_01,Conttype,Conttype_02,,,93,
HKMDS,202010,T1003,M100301,2020,06,location,location_01,contmove,contmove_01,Conttype,Conttype_02,,,123,
HKMDS,202010,T1003,M100301,2020,07,location,location_01,contmove,contmove_01,Conttype,Conttype_02,,,112,
HKMDS,202010,T1003,M100301,2020,08,location,location_01,contmove,contmove_01,Conttype,Conttype_02,,,101,
HKMDS,202010,T1003,M100301,2017,,location,location_01,contmove,contmove_02,Conttype,Conttype_01,,,7013,
HKMDS,202010,T1003,M100301,2018,,location,location_01,contmove,contmove_02,Conttype,Conttype_01,,,6688,
HKMDS,202010,T1003,M100301,2019,,location,location_01,contmove,contmove_02,Conttype,Conttype_01,,,6045,
HKMDS,202010,T1003,M100301,2019,06,location,location_01,contmove,contmove_02,Conttype,Conttype_01,,,511,
HKMDS,202010,T1003,M100301,2019,07,location,location_01,contmove,contmove_02,Conttype,Conttype_01,,,507,
HKMDS,202010,T1003,M100301,2019,08,location,location_01,contmove,contmove_02,Conttype,Conttype_01,,,511,
HKMDS,202010,T1003,M100301,2019,09,location,location_01,contmove,contmove_02,Conttype,Conttype_01,,,489,
HKMDS,202010,T1003,M100301,2019,10,location,location_01,contmove,contmove_02,Conttype,Conttype_01,,,490,
HKMDS,202010,T1003,M100301,2019,11,location,location_01,contmove,contmove_02,Conttype,Conttype_01,,,497,
HKMDS,202010,T1003,M100301,2019,12,location,location_01,contmove,contmove_02,Conttype,Conttype_01,,,504,
HKMDS,202010,T1003,M100301,2020,01,location,location_01,contmove,contmove_02,Conttype,Conttype_01,,,483,
HKMDS,202010,T1003,M100301,2020,02,location,location_01,contmove,contmove_02,Conttype,Conttype_01,,,338,
HKMDS,202010,T1003,M100301,2020,03,location,location_01,contmove,contmove_02,Conttype,Conttype_01,,,492,
HKMDS,202010,T1003,M100301,2020,04,location,location_01,contmove,contmove_02,Conttype,Conttype_01,,,472,
HKMDS,202010,T1003,M100301,2020,05,location,location_01,contmove,contmove_02,Conttype,Conttype_01,,,465,
HKMDS,202010,T1003,M100301,2020,06,location,location_01,contmove,contmove_02,Conttype,Conttype_01,,,474,
HKMDS,202010,T1003,M100301,2020,07,location,location_01,contmove,contmove_02,Conttype,Conttype_01,,,497,
HKMDS,202010,T1003,M100301,2020,08,location,location_01,contmove,contmove_02,Conttype,Conttype_01,,,503,
HKMDS,202010,T1003,M100301,2017,,location,location_01,contmove,contmove_02,Conttype,Conttype_02,,,767,
HKMDS,202010,T1003,M100301,2018,,location,location_01,contmove,contmove_02,Conttype,Conttype_02,,,783,
HKMDS,202010,T1003,M100301,2019,,location,location_01,contmove,contmove_02,Conttype,Conttype_02,,,702,
HKMDS,202010,T1003,M100301,2019,06,location,location_01,contmove,contmove_02,Conttype,Conttype_02,,,51,
HKMDS,202010,T1003,M100301,2019,07,location,location_01,contmove,contmove_02,Conttype,Conttype_02,,,53,
HKMDS,202010,T1003,M100301,2019,08,location,location_01,contmove,contmove_02,Conttype,Conttype_02,,,62,
HKMDS,202010,T1003,M100301,2019,09,location,location_01,contmove,contmove_02,Conttype,Conttype_02,,,65,
HKMDS,202010,T1003,M100301,2019,10,location,location_01,contmove,contmove_02,Conttype,Conttype_02,,,72,
HKMDS,202010,T1003,M100301,2019,11,location,location_01,contmove,contmove_02,Conttype,Conttype_02,,,57,
HKMDS,202010,T1003,M100301,2019,12,location,location_01,contmove,contmove_02,Conttype,Conttype_02,,,49,
HKMDS,202010,T1003,M100301,2020,01,location,location_01,contmove,contmove_02,Conttype,Conttype_02,,,53,
HKMDS,202010,T1003,M100301,2020,02,location,location_01,contmove,contmove_02,Conttype,Conttype_02,,,86,
HKMDS,202010,T1003,M100301,2020,03,location,location_01,contmove,contmove_02,Conttype,Conttype_02,,,89,
HKMDS,202010,T1003,M100301,2020,04,location,location_01,contmove,contmove_02,Conttype,Conttype_02,,,84,
HKMDS,202010,T1003,M100301,2020,05,location,location_01,contmove,contmove_02,Conttype,Conttype_02,,,93,
HKMDS,202010,T1003,M100301,2020,06,location,location_01,contmove,contmove_02,Conttype,Conttype_02,,,104,
HKMDS,202010,T1003,M100301,2020,07,location,location_01,contmove,contmove_02,Conttype,Conttype_02,,,94,
HKMDS,202010,T1003,M100301,2020,08,location,location_01,contmove,contmove_02,Conttype,Conttype_02,,,84,
HKMDS,202010,T1003,M100301,2017,,location,location_02,contmove,contmove_01,Conttype,Conttype_01,,,1801,
HKMDS,202010,T1003,M100301,2018,,location,location_02,contmove,contmove_01,Conttype,Conttype_01,,,1828,
HKMDS,202010,T1003,M100301,2019,,location,location_02,contmove,contmove_01,Conttype,Conttype_01,,,1766,
HKMDS,202010,T1003,M100301,2019,06,location,location_02,contmove,contmove_01,Conttype,Conttype_01,,,163,
HKMDS,202010,T1003,M100301,2019,07,location,location_02,contmove,contmove_01,Conttype,Conttype_01,,,153,
HKMDS,202010,T1003,M100301,2019,08,location,location_02,contmove,contmove_01,Conttype,Conttype_01,,,153,
HKMDS,202010,T1003,M100301,2019,09,location,location_02,contmove,contmove_01,Conttype,Conttype_01,,,143,
HKMDS,202010,T1003,M100301,2019,10,location,location_02,contmove,contmove_01,Conttype,Conttype_01,,,141,
HKMDS,202010,T1003,M100301,2019,11,location,location_02,contmove,contmove_01,Conttype,Conttype_01,,,141,
HKMDS,202010,T1003,M100301,2019,12,location,location_02,contmove,contmove_01,Conttype,Conttype_01,,,143,
HKMDS,202010,T1003,M100301,2020,01,location,location_02,contmove,contmove_01,Conttype,Conttype_01,,,133,
HKMDS,202010,T1003,M100301,2020,02,location,location_02,contmove,contmove_01,Conttype,Conttype_01,,,70,
HKMDS,202010,T1003,M100301,2020,03,location,location_02,contmove,contmove_01,Conttype,Conttype_01,,,124,
HKMDS,202010,T1003,M100301,2020,04,location,location_02,contmove,contmove_01,Conttype,Conttype_01,,,135,
HKMDS,202010,T1003,M100301,2020,05,location,location_02,contmove,contmove_01,Conttype,Conttype_01,,,126,
HKMDS,202010,T1003,M100301,2020,06,location,location_02,contmove,contmove_01,Conttype,Conttype_01,,,115,
HKMDS,202010,T1003,M100301,2020,07,location,location_02,contmove,contmove_01,Conttype,Conttype_01,,,132,(#)
HKMDS,202010,T1003,M100301,2020,08,location,location_02,contmove,contmove_01,Conttype,Conttype_01,,,N.A.,
HKMDS,202010,T1003,M100301,2017,,location,location_02,contmove,contmove_01,Conttype,Conttype_02,,,511,
HKMDS,202010,T1003,M100301,2018,,location,location_02,contmove,contmove_01,Conttype,Conttype_02,,,313,
HKMDS,202010,T1003,M100301,2019,,location,location_02,contmove,contmove_01,Conttype,Conttype_02,,,289,
HKMDS,202010,T1003,M100301,2019,06,location,location_02,contmove,contmove_01,Conttype,Conttype_02,,,26,
HKMDS,202010,T1003,M100301,2019,07,location,location_02,contmove,contmove_01,Conttype,Conttype_02,,,26,
HKMDS,202010,T1003,M100301,2019,08,location,location_02,contmove,contmove_01,Conttype,Conttype_02,,,22,
HKMDS,202010,T1003,M100301,2019,09,location,location_02,contmove,contmove_01,Conttype,Conttype_02,,,21,
HKMDS,202010,T1003,M100301,2019,10,location,location_02,contmove,contmove_01,Conttype,Conttype_02,,,21,
HKMDS,202010,T1003,M100301,2019,11,location,location_02,contmove,contmove_01,Conttype,Conttype_02,,,23,
HKMDS,202010,T1003,M100301,2019,12,location,location_02,contmove,contmove_01,Conttype,Conttype_02,,,21,
HKMDS,202010,T1003,M100301,2020,01,location,location_02,contmove,contmove_01,Conttype,Conttype_02,,,21,
HKMDS,202010,T1003,M100301,2020,02,location,location_02,contmove,contmove_01,Conttype,Conttype_02,,,15,
HKMDS,202010,T1003,M100301,2020,03,location,location_02,contmove,contmove_01,Conttype,Conttype_02,,,22,
HKMDS,202010,T1003,M100301,2020,04,location,location_02,contmove,contmove_01,Conttype,Conttype_02,,,21,
HKMDS,202010,T1003,M100301,2020,05,location,location_02,contmove,contmove_01,Conttype,Conttype_02,,,20,
HKMDS,202010,T1003,M100301,2020,06,location,location_02,contmove,contmove_01,Conttype,Conttype_02,,,22,
HKMDS,202010,T1003,M100301,2020,07,location,location_02,contmove,contmove_01,Conttype,Conttype_02,,,29,(#)
HKMDS,202010,T1003,M100301,2020,08,location,location_02,contmove,contmove_01,Conttype,Conttype_02,,,N.A.,
HKMDS,202010,T1003,M100301,2017,,location,location_02,contmove,contmove_02,Conttype,Conttype_01,,,1532,
HKMDS,202010,T1003,M100301,2018,,location,location_02,contmove,contmove_02,Conttype,Conttype_01,,,1383,
HKMDS,202010,T1003,M100301,2019,,location,location_02,contmove,contmove_02,Conttype,Conttype_01,,,1451,
HKMDS,202010,T1003,M100301,2019,06,location,location_02,contmove,contmove_02,Conttype,Conttype_01,,,123,
HKMDS,202010,T1003,M100301,2019,07,location,location_02,contmove,contmove_02,Conttype,Conttype_01,,,142,
HKMDS,202010,T1003,M100301,2019,08,location,location_02,contmove,contmove_02,Conttype,Conttype_01,,,137,
HKMDS,202010,T1003,M100301,2019,09,location,location_02,contmove,contmove_02,Conttype,Conttype_01,,,128,
HKMDS,202010,T1003,M100301,2019,10,location,location_02,contmove,contmove_02,Conttype,Conttype_01,,,125,
HKMDS,202010,T1003,M100301,2019,11,location,location_02,contmove,contmove_02,Conttype,Conttype_01,,,119,
HKMDS,202010,T1003,M100301,2019,12,location,location_02,contmove,contmove_02,Conttype,Conttype_01,,,120,
HKMDS,202010,T1003,M100301,2020,01,location,location_02,contmove,contmove_02,Conttype,Conttype_01,,,107,
HKMDS,202010,T1003,M100301,2020,02,location,location_02,contmove,contmove_02,Conttype,Conttype_01,,,93,
HKMDS,202010,T1003,M100301,2020,03,location,location_02,contmove,contmove_02,Conttype,Conttype_01,,,113,
HKMDS,202010,T1003,M100301,2020,04,location,location_02,contmove,contmove_02,Conttype,Conttype_01,,,103,
HKMDS,202010,T1003,M100301,2020,05,location,location_02,contmove,contmove_02,Conttype,Conttype_01,,,110,
HKMDS,202010,T1003,M100301,2020,06,location,location_02,contmove,contmove_02,Conttype,Conttype_01,,,100,
HKMDS,202010,T1003,M100301,2020,07,location,location_02,contmove,contmove_02,Conttype,Conttype_01,,,114,(#)
HKMDS,202010,T1003,M100301,2020,08,location,location_02,contmove,contmove_02,Conttype,Conttype_01,,,N.A.,
HKMDS,202010,T1003,M100301,2017,,location,location_02,contmove,contmove_02,Conttype,Conttype_02,,,691,
HKMDS,202010,T1003,M100301,2018,,location,location_02,contmove,contmove_02,Conttype,Conttype_02,,,599,
HKMDS,202010,T1003,M100301,2019,,location,location_02,contmove,contmove_02,Conttype,Conttype_02,,,578,
HKMDS,202010,T1003,M100301,2019,06,location,location_02,contmove,contmove_02,Conttype,Conttype_02,,,53,
HKMDS,202010,T1003,M100301,2019,07,location,location_02,contmove,contmove_02,Conttype,Conttype_02,,,47,
HKMDS,202010,T1003,M100301,2019,08,location,location_02,contmove,contmove_02,Conttype,Conttype_02,,,51,
HKMDS,202010,T1003,M100301,2019,09,location,location_02,contmove,contmove_02,Conttype,Conttype_02,,,44,
HKMDS,202010,T1003,M100301,2019,10,location,location_02,contmove,contmove_02,Conttype,Conttype_02,,,50,
HKMDS,202010,T1003,M100301,2019,11,location,location_02,contmove,contmove_02,Conttype,Conttype_02,,,51,
HKMDS,202010,T1003,M100301,2019,12,location,location_02,contmove,contmove_02,Conttype,Conttype_02,,,46,
HKMDS,202010,T1003,M100301,2020,01,location,location_02,contmove,contmove_02,Conttype,Conttype_02,,,40,
HKMDS,202010,T1003,M100301,2020,02,location,location_02,contmove,contmove_02,Conttype,Conttype_02,,,35,
HKMDS,202010,T1003,M100301,2020,03,location,location_02,contmove,contmove_02,Conttype,Conttype_02,,,44,
HKMDS,202010,T1003,M100301,2020,04,location,location_02,contmove,contmove_02,Conttype,Conttype_02,,,49,
HKMDS,202010,T1003,M100301,2020,05,location,location_02,contmove,contmove_02,Conttype,Conttype_02,,,47,
HKMDS,202010,T1003,M100301,2020,06,location,location_02,contmove,contmove_02,Conttype,Conttype_02,,,43,
HKMDS,202010,T1003,M100301,2020,07,location,location_02,contmove,contmove_02,Conttype,Conttype_02,,,47,(#)
HKMDS,202010,T1003,M100301,2020,08,location,location_02,contmove,contmove_02,Conttype,Conttype_02,,,N.A.,
HKMDS,202010,T1003,M100301,2017,,location,location_tt,contmove,contmove_01,Conttype,Conttype_01,,,9207,
HKMDS,202010,T1003,M100301,2018,,location,location_tt,contmove,contmove_01,Conttype,Conttype_01,,,8628,
HKMDS,202010,T1003,M100301,2019,,location,location_tt,contmove,contmove_01,Conttype,Conttype_01,,,8159,
HKMDS,202010,T1003,M100301,2019,06,location,location_tt,contmove,contmove_01,Conttype,Conttype_01,,,683,
HKMDS,202010,T1003,M100301,2019,07,location,location_tt,contmove,contmove_01,Conttype,Conttype_01,,,689,
HKMDS,202010,T1003,M100301,2019,08,location,location_tt,contmove,contmove_01,Conttype,Conttype_01,,,702,
HKMDS,202010,T1003,M100301,2019,09,location,location_tt,contmove,contmove_01,Conttype,Conttype_01,,,639,
HKMDS,202010,T1003,M100301,2019,10,location,location_tt,contmove,contmove_01,Conttype,Conttype_01,,,684,
HKMDS,202010,T1003,M100301,2019,11,location,location_tt,contmove,contmove_01,Conttype,Conttype_01,,,673,
HKMDS,202010,T1003,M100301,2019,12,location,location_tt,contmove,contmove_01,Conttype,Conttype_01,,,704,
HKMDS,202010,T1003,M100301,2020,01,location,location_tt,contmove,contmove_01,Conttype,Conttype_01,,,622,
HKMDS,202010,T1003,M100301,2020,02,location,location_tt,contmove,contmove_01,Conttype,Conttype_01,,,509,
HKMDS,202010,T1003,M100301,2020,03,location,location_tt,contmove,contmove_01,Conttype,Conttype_01,,,669,
HKMDS,202010,T1003,M100301,2020,04,location,location_tt,contmove,contmove_01,Conttype,Conttype_01,,,649,
HKMDS,202010,T1003,M100301,2020,05,location,location_tt,contmove,contmove_01,Conttype,Conttype_01,,,687,
HKMDS,202010,T1003,M100301,2020,06,location,location_tt,contmove,contmove_01,Conttype,Conttype_01,,,667,
HKMDS,202010,T1003,M100301,2020,07,location,location_tt,contmove,contmove_01,Conttype,Conttype_01,,,695,(#)
HKMDS,202010,T1003,M100301,2020,08,location,location_tt,contmove,contmove_01,Conttype,Conttype_01,,,N.A.,
HKMDS,202010,T1003,M100301,2017,,location,location_tt,contmove,contmove_01,Conttype,Conttype_02,,,1560,
HKMDS,202010,T1003,M100301,2018,,location,location_tt,contmove,contmove_01,Conttype,Conttype_02,,,1515,
HKMDS,202010,T1003,M100301,2019,,location,location_tt,contmove,contmove_01,Conttype,Conttype_02,,,1369,
HKMDS,202010,T1003,M100301,2019,06,location,location_tt,contmove,contmove_01,Conttype,Conttype_02,,,106,
HKMDS,202010,T1003,M100301,2019,07,location,location_tt,contmove,contmove_01,Conttype,Conttype_02,,,111,
HKMDS,202010,T1003,M100301,2019,08,location,location_tt,contmove,contmove_01,Conttype,Conttype_02,,,121,
HKMDS,202010,T1003,M100301,2019,09,location,location_tt,contmove,contmove_01,Conttype,Conttype_02,,,118,
HKMDS,202010,T1003,M100301,2019,10,location,location_tt,contmove,contmove_01,Conttype,Conttype_02,,,134,
HKMDS,202010,T1003,M100301,2019,11,location,location_tt,contmove,contmove_01,Conttype,Conttype_02,,,115,
HKMDS,202010,T1003,M100301,2019,12,location,location_tt,contmove,contmove_01,Conttype,Conttype_02,,,101,
HKMDS,202010,T1003,M100301,2020,01,location,location_tt,contmove,contmove_01,Conttype,Conttype_02,,,121,
HKMDS,202010,T1003,M100301,2020,02,location,location_tt,contmove,contmove_01,Conttype,Conttype_02,,,99,
HKMDS,202010,T1003,M100301,2020,03,location,location_tt,contmove,contmove_01,Conttype,Conttype_02,,,108,
HKMDS,202010,T1003,M100301,2020,04,location,location_tt,contmove,contmove_01,Conttype,Conttype_02,,,105,
HKMDS,202010,T1003,M100301,2020,05,location,location_tt,contmove,contmove_01,Conttype,Conttype_02,,,112,
HKMDS,202010,T1003,M100301,2020,06,location,location_tt,contmove,contmove_01,Conttype,Conttype_02,,,145,
HKMDS,202010,T1003,M100301,2020,07,location,location_tt,contmove,contmove_01,Conttype,Conttype_02,,,141,(#)
HKMDS,202010,T1003,M100301,2020,08,location,location_tt,contmove,contmove_01,Conttype,Conttype_02,,,N.A.,
HKMDS,202010,T1003,M100301,2017,,location,location_tt,contmove,contmove_02,Conttype,Conttype_01,,,8545,
HKMDS,202010,T1003,M100301,2018,,location,location_tt,contmove,contmove_02,Conttype,Conttype_01,,,8071,
HKMDS,202010,T1003,M100301,2019,,location,location_tt,contmove,contmove_02,Conttype,Conttype_01,,,7495,
HKMDS,202010,T1003,M100301,2019,06,location,location_tt,contmove,contmove_02,Conttype,Conttype_01,,,635,
HKMDS,202010,T1003,M100301,2019,07,location,location_tt,contmove,contmove_02,Conttype,Conttype_01,,,649,
HKMDS,202010,T1003,M100301,2019,08,location,location_tt,contmove,contmove_02,Conttype,Conttype_01,,,648,
HKMDS,202010,T1003,M100301,2019,09,location,location_tt,contmove,contmove_02,Conttype,Conttype_01,,,618,
HKMDS,202010,T1003,M100301,2019,10,location,location_tt,contmove,contmove_02,Conttype,Conttype_01,,,614,
HKMDS,202010,T1003,M100301,2019,11,location,location_tt,contmove,contmove_02,Conttype,Conttype_01,,,616,
HKMDS,202010,T1003,M100301,2019,12,location,location_tt,contmove,contmove_02,Conttype,Conttype_01,,,624,
HKMDS,202010,T1003,M100301,2020,01,location,location_tt,contmove,contmove_02,Conttype,Conttype_01,,,590,
HKMDS,202010,T1003,M100301,2020,02,location,location_tt,contmove,contmove_02,Conttype,Conttype_01,,,431,
HKMDS,202010,T1003,M100301,2020,03,location,location_tt,contmove,contmove_02,Conttype,Conttype_01,,,605,
HKMDS,202010,T1003,M100301,2020,04,location,location_tt,contmove,contmove_02,Conttype,Conttype_01,,,575,
HKMDS,202010,T1003,M100301,2020,05,location,location_tt,contmove,contmove_02,Conttype,Conttype_01,,,576,
HKMDS,202010,T1003,M100301,2020,06,location,location_tt,contmove,contmove_02,Conttype,Conttype_01,,,574,
HKMDS,202010,T1003,M100301,2020,07,location,location_tt,contmove,contmove_02,Conttype,Conttype_01,,,611,(#)
HKMDS,202010,T1003,M100301,2020,08,location,location_tt,contmove,contmove_02,Conttype,Conttype_01,,,N.A.,
HKMDS,202010,T1003,M100301,2017,,location,location_tt,contmove,contmove_02,Conttype,Conttype_02,,,1458,
HKMDS,202010,T1003,M100301,2018,,location,location_tt,contmove,contmove_02,Conttype,Conttype_02,,,1382,
HKMDS,202010,T1003,M100301,2019,,location,location_tt,contmove,contmove_02,Conttype,Conttype_02,,,1280,
HKMDS,202010,T1003,M100301,2019,06,location,location_tt,contmove,contmove_02,Conttype,Conttype_02,,,103,
HKMDS,202010,T1003,M100301,2019,07,location,location_tt,contmove,contmove_02,Conttype,Conttype_02,,,100,
HKMDS,202010,T1003,M100301,2019,08,location,location_tt,contmove,contmove_02,Conttype,Conttype_02,,,113,
HKMDS,202010,T1003,M100301,2019,09,location,location_tt,contmove,contmove_02,Conttype,Conttype_02,,,109,
HKMDS,202010,T1003,M100301,2019,10,location,location_tt,contmove,contmove_02,Conttype,Conttype_02,,,121,
HKMDS,202010,T1003,M100301,2019,11,location,location_tt,contmove,contmove_02,Conttype,Conttype_02,,,108,
HKMDS,202010,T1003,M100301,2019,12,location,location_tt,contmove,contmove_02,Conttype,Conttype_02,,,95,
HKMDS,202010,T1003,M100301,2020,01,location,location_tt,contmove,contmove_02,Conttype,Conttype_02,,,93,
HKMDS,202010,T1003,M100301,2020,02,location,location_tt,contmove,contmove_02,Conttype,Conttype_02,,,120,
HKMDS,202010,T1003,M100301,2020,03,location,location_tt,contmove,contmove_02,Conttype,Conttype_02,,,133,
HKMDS,202010,T1003,M100301,2020,04,location,location_tt,contmove,contmove_02,Conttype,Conttype_02,,,133,
HKMDS,202010,T1003,M100301,2020,05,location,location_tt,contmove,contmove_02,Conttype,Conttype_02,,,140,
HKMDS,202010,T1003,M100301,2020,06,location,location_tt,contmove,contmove_02,Conttype,Conttype_02,,,147,
HKMDS,202010,T1003,M100301,2020,07,location,location_tt,contmove,contmove_02,Conttype,Conttype_02,,,141,(#)
HKMDS,202010,T1003,M100301,2020,08,location,location_tt,contmove,contmove_02,Conttype,Conttype_02,,,N.A.,
HKMDS,202010,T1003,M100301,2017,,location,location_tt,contmove,contmove_tt,Conttype,Conttype_tt,,,20770,
HKMDS,202010,T1003,M100301,2018,,location,location_tt,contmove,contmove_tt,Conttype,Conttype_tt,,,19596,
HKMDS,202010,T1003,M100301,2019,,location,location_tt,contmove,contmove_tt,Conttype,Conttype_tt,,,18303,
HKMDS,202010,T1003,M100301,2019,06,location,location_tt,contmove,contmove_tt,Conttype,Conttype_tt,,,1527,
HKMDS,202010,T1003,M100301,2019,07,location,location_tt,contmove,contmove_tt,Conttype,Conttype_tt,,,1549,
HKMDS,202010,T1003,M100301,2019,08,location,location_tt,contmove,contmove_tt,Conttype,Conttype_tt,,,1584,
HKMDS,202010,T1003,M100301,2019,09,location,location_tt,contmove,contmove_tt,Conttype,Conttype_tt,,,1484,
HKMDS,202010,T1003,M100301,2019,10,location,location_tt,contmove,contmove_tt,Conttype,Conttype_tt,,,1553,
HKMDS,202010,T1003,M100301,2019,11,location,location_tt,contmove,contmove_tt,Conttype,Conttype_tt,,,1511,
HKMDS,202010,T1003,M100301,2019,12,location,location_tt,contmove,contmove_tt,Conttype,Conttype_tt,,,1524,
HKMDS,202010,T1003,M100301,2020,01,location,location_tt,contmove,contmove_tt,Conttype,Conttype_tt,,,1425,
HKMDS,202010,T1003,M100301,2020,02,location,location_tt,contmove,contmove_tt,Conttype,Conttype_tt,,,1160,
HKMDS,202010,T1003,M100301,2020,03,location,location_tt,contmove,contmove_tt,Conttype,Conttype_tt,,,1515,
HKMDS,202010,T1003,M100301,2020,04,location,location_tt,contmove,contmove_tt,Conttype,Conttype_tt,,,1462,
HKMDS,202010,T1003,M100301,2020,05,location,location_tt,contmove,contmove_tt,Conttype,Conttype_tt,,,1515,
HKMDS,202010,T1003,M100301,2020,06,location,location_tt,contmove,contmove_tt,Conttype,Conttype_tt,,,1533,
HKMDS,202010,T1003,M100301,2020,07,location,location_tt,contmove,contmove_tt,Conttype,Conttype_tt,,,1588,(#)
HKMDS,202010,T1003,M100301,2020,08,location,location_tt,contmove,contmove_tt,Conttype,Conttype_tt,,,N.A.,
HKMDS,202010,T1004,M100401,2017,,operator,operator_0101,,,,,,,2754.9,
HKMDS,202010,T1004,M100401,2018,,operator,operator_0101,,,,,,,2800.9,
HKMDS,202010,T1004,M100401,2019,,operator,operator_0101,,,,,,,2802.5,
HKMDS,202010,T1004,M100401,2019,05,operator,operator_0101,,,,,,,2860.7,
HKMDS,202010,T1004,M100401,2019,06,operator,operator_0101,,,,,,,2829.7,
HKMDS,202010,T1004,M100401,2019,07,operator,operator_0101,,,,,,,2784.1,
HKMDS,202010,T1004,M100401,2019,08,operator,operator_0101,,,,,,,2677,
HKMDS,202010,T1004,M100401,2019,09,operator,operator_0101,,,,,,,2955.5,
HKMDS,202010,T1004,M100401,2019,10,operator,operator_0101,,,,,,,2927.2,
HKMDS,202010,T1004,M100401,2019,11,operator,operator_0101,,,,,,,2436.8,
HKMDS,202010,T1004,M100401,2019,12,operator,operator_0101,,,,,,,2754.8,
HKMDS,202010,T1004,M100401,2020,01,operator,operator_0101,,,,,,,2651.4,
HKMDS,202010,T1004,M100401,2020,02,operator,operator_0101,,,,,,,1739.5,
HKMDS,202010,T1004,M100401,2020,03,operator,operator_0101,,,,,,,1825.6,
HKMDS,202010,T1004,M100401,2020,04,operator,operator_0101,,,,,,,1733.7,
HKMDS,202010,T1004,M100401,2020,05,operator,operator_0101,,,,,,,2153.4,
HKMDS,202010,T1004,M100401,2020,06,operator,operator_0101,,,,,,,2470.9,
HKMDS,202010,T1004,M100401,2020,07,operator,operator_0101,,,,,,,2009.4,
HKMDS,202010,T1004,M100401,2017,,operator,operator_0102,,,,,,,579.4,
HKMDS,202010,T1004,M100401,2018,,operator,operator_0102,,,,,,,600.1,
HKMDS,202010,T1004,M100401,2019,,operator,operator_0102,,,,,,,611.4,
HKMDS,202010,T1004,M100401,2019,05,operator,operator_0102,,,,,,,627.8,
HKMDS,202010,T1004,M100401,2019,06,operator,operator_0102,,,,,,,609.1,
HKMDS,202010,T1004,M100401,2019,07,operator,operator_0102,,,,,,,602.8,
HKMDS,202010,T1004,M100401,2019,08,operator,operator_0102,,,,,,,578.8,
HKMDS,202010,T1004,M100401,2019,09,operator,operator_0102,,,,,,,618.5,
HKMDS,202010,T1004,M100401,2019,10,operator,operator_0102,,,,,,,632.6,
HKMDS,202010,T1004,M100401,2019,11,operator,operator_0102,,,,,,,561.4,
HKMDS,202010,T1004,M100401,2019,12,operator,operator_0102,,,,,,,605.1,
HKMDS,202010,T1004,M100401,2020,01,operator,operator_0102,,,,,,,566.9,
HKMDS,202010,T1004,M100401,2020,02,operator,operator_0102,,,,,,,373.9,
HKMDS,202010,T1004,M100401,2020,03,operator,operator_0102,,,,,,,385.6,
HKMDS,202010,T1004,M100401,2020,04,operator,operator_0102,,,,,,,355.4,
HKMDS,202010,T1004,M100401,2020,05,operator,operator_0102,,,,,,,420.4,
HKMDS,202010,T1004,M100401,2020,06,operator,operator_0102,,,,,,,486.2,
HKMDS,202010,T1004,M100401,2020,07,operator,operator_0102,,,,,,,401.5,
HKMDS,202010,T1004,M100401,2017,,operator,operator_0103,,,,,,,447.4,
HKMDS,202010,T1004,M100401,2018,,operator,operator_0103,,,,,,,456,
HKMDS,202010,T1004,M100401,2019,,operator,operator_0103,,,,,,,458,
HKMDS,202010,T1004,M100401,2019,05,operator,operator_0103,,,,,,,464.3,
HKMDS,202010,T1004,M100401,2019,06,operator,operator_0103,,,,,,,452.8,
HKMDS,202010,T1004,M100401,2019,07,operator,operator_0103,,,,,,,451.1,
HKMDS,202010,T1004,M100401,2019,08,operator,operator_0103,,,,,,,429.1,
HKMDS,202010,T1004,M100401,2019,09,operator,operator_0103,,,,,,,479.4,
HKMDS,202010,T1004,M100401,2019,10,operator,operator_0103,,,,,,,487.9,
HKMDS,202010,T1004,M100401,2019,11,operator,operator_0103,,,,,,,406,
HKMDS,202010,T1004,M100401,2019,12,operator,operator_0103,,,,,,,454.7,
HKMDS,202010,T1004,M100401,2020,01,operator,operator_0103,,,,,,,435.1,
HKMDS,202010,T1004,M100401,2020,02,operator,operator_0103,,,,,,,294.8,
HKMDS,202010,T1004,M100401,2020,03,operator,operator_0103,,,,,,,310,
HKMDS,202010,T1004,M100401,2020,04,operator,operator_0103,,,,,,,288.7,
HKMDS,202010,T1004,M100401,2020,05,operator,operator_0103,,,,,,,341.7,
HKMDS,202010,T1004,M100401,2020,06,operator,operator_0103,,,,,,,397.8,
HKMDS,202010,T1004,M100401,2020,07,operator,operator_0103,,,,,,,325.9,
HKMDS,202010,T1004,M100401,2017,,operator,operator_0104,,,,,,,107.1,
HKMDS,202010,T1004,M100401,2018,,operator,operator_0104,,,,,,,113.7,
HKMDS,202010,T1004,M100401,2019,,operator,operator_0104,,,,,,,125.5,
HKMDS,202010,T1004,M100401,2019,05,operator,operator_0104,,,,,,,127.2,
HKMDS,202010,T1004,M100401,2019,06,operator,operator_0104,,,,,,,128.4,
HKMDS,202010,T1004,M100401,2019,07,operator,operator_0104,,,,,,,128.6,
HKMDS,202010,T1004,M100401,2019,08,operator,operator_0104,,,,,,,127.8,
HKMDS,202010,T1004,M100401,2019,09,operator,operator_0104,,,,,,,120.9,
HKMDS,202010,T1004,M100401,2019,10,operator,operator_0104,,,,,,,125.3,
HKMDS,202010,T1004,M100401,2019,11,operator,operator_0104,,,,,,,122.3,
HKMDS,202010,T1004,M100401,2019,12,operator,operator_0104,,,,,,,127.6,
HKMDS,202010,T1004,M100401,2020,01,operator,operator_0104,,,,,,,117.6,
HKMDS,202010,T1004,M100401,2020,02,operator,operator_0104,,,,,,,82.2,
HKMDS,202010,T1004,M100401,2020,03,operator,operator_0104,,,,,,,74.6,
HKMDS,202010,T1004,M100401,2020,04,operator,operator_0104,,,,,,,61.9,
HKMDS,202010,T1004,M100401,2020,05,operator,operator_0104,,,,,,,69.6,
HKMDS,202010,T1004,M100401,2020,06,operator,operator_0104,,,,,,,76.9,
HKMDS,202010,T1004,M100401,2020,07,operator,operator_0104,,,,,,,69.9,
HKMDS,202010,T1004,M100401,2017,,operator,operator_0105,,,,,,,77.7,
HKMDS,202010,T1004,M100401,2018,,operator,operator_0105,,,,,,,83.6,
HKMDS,202010,T1004,M100401,2019,,operator,operator_0105,,,,,,,96.6,
HKMDS,202010,T1004,M100401,2019,05,operator,operator_0105,,,,,,,100.4,
HKMDS,202010,T1004,M100401,2019,06,operator,operator_0105,,,,,,,101,
HKMDS,202010,T1004,M100401,2019,07,operator,operator_0105,,,,,,,96,
HKMDS,202010,T1004,M100401,2019,08,operator,operator_0105,,,,,,,89.8,
HKMDS,202010,T1004,M100401,2019,09,operator,operator_0105,,,,,,,94.7,
HKMDS,202010,T1004,M100401,2019,10,operator,operator_0105,,,,,,,91.7,
HKMDS,202010,T1004,M100401,2019,11,operator,operator_0105,,,,,,,88.8,
HKMDS,202010,T1004,M100401,2019,12,operator,operator_0105,,,,,,,95.8,
HKMDS,202010,T1004,M100401,2020,01,operator,operator_0105,,,,,,,88.2,
HKMDS,202010,T1004,M100401,2020,02,operator,operator_0105,,,,,,,50.6,
HKMDS,202010,T1004,M100401,2020,03,operator,operator_0105,,,,,,,51.4,
HKMDS,202010,T1004,M100401,2020,04,operator,operator_0105,,,,,,,48.8,
HKMDS,202010,T1004,M100401,2020,05,operator,operator_0105,,,,,,,56.8,
HKMDS,202010,T1004,M100401,2020,06,operator,operator_0105,,,,,,,65.5,
HKMDS,202010,T1004,M100401,2020,07,operator,operator_0105,,,,,,,54.9,
HKMDS,202010,T1004,M100401,2017,,operator,operator_01tt,,,,,,,3966.5,
HKMDS,202010,T1004,M100401,2018,,operator,operator_01tt,,,,,,,4054.3,
HKMDS,202010,T1004,M100401,2019,,operator,operator_01tt,,,,,,,4093.9,
HKMDS,202010,T1004,M100401,2019,05,operator,operator_01tt,,,,,,,4180.4,
HKMDS,202010,T1004,M100401,2019,06,operator,operator_01tt,,,,,,,4121,
HKMDS,202010,T1004,M100401,2019,07,operator,operator_01tt,,,,,,,4062.6,
HKMDS,202010,T1004,M100401,2019,08,operator,operator_01tt,,,,,,,3902.4,
HKMDS,202010,T1004,M100401,2019,09,operator,operator_01tt,,,,,,,4269,
HKMDS,202010,T1004,M100401,2019,10,operator,operator_01tt,,,,,,,4264.7,
HKMDS,202010,T1004,M100401,2019,11,operator,operator_01tt,,,,,,,3615.4,
HKMDS,202010,T1004,M100401,2019,12,operator,operator_01tt,,,,,,,4038.1,
HKMDS,202010,T1004,M100401,2020,01,operator,operator_01tt,,,,,,,3859.1,
HKMDS,202010,T1004,M100401,2020,02,operator,operator_01tt,,,,,,,2540.9,
HKMDS,202010,T1004,M100401,2020,03,operator,operator_01tt,,,,,,,2647.1,
HKMDS,202010,T1004,M100401,2020,04,operator,operator_01tt,,,,,,,2488.5,
HKMDS,202010,T1004,M100401,2020,05,operator,operator_01tt,,,,,,,3041.9,
HKMDS,202010,T1004,M100401,2020,06,operator,operator_01tt,,,,,,,3497.3,
HKMDS,202010,T1004,M100401,2020,07,operator,operator_01tt,,,,,,,2861.5,
HKMDS,202010,T1004,M100401,2017,,operator,operator_02,,,,,,,231.6,
HKMDS,202010,T1004,M100401,2018,,operator,operator_02,,,,,,,225.4,
HKMDS,202010,T1004,M100401,2019,,operator,operator_02,,,,,,,213.7,
HKMDS,202010,T1004,M100401,2019,05,operator,operator_02,,,,,,,218.7,
HKMDS,202010,T1004,M100401,2019,06,operator,operator_02,,,,,,,221,
HKMDS,202010,T1004,M100401,2019,07,operator,operator_02,,,,,,,211.5,
HKMDS,202010,T1004,M100401,2019,08,operator,operator_02,,,,,,,207.2,
HKMDS,202010,T1004,M100401,2019,09,operator,operator_02,,,,,,,217.4,
HKMDS,202010,T1004,M100401,2019,10,operator,operator_02,,,,,,,206,
HKMDS,202010,T1004,M100401,2019,11,operator,operator_02,,,,,,,207,
HKMDS,202010,T1004,M100401,2019,12,operator,operator_02,,,,,,,202.9,
HKMDS,202010,T1004,M100401,2020,01,operator,operator_02,,,,,,,189.8,(#)
HKMDS,202010,T1004,M100401,2020,02,operator,operator_02,,,,,,,137,(#)
HKMDS,202010,T1004,M100401,2020,03,operator,operator_02,,,,,,,144,(#)
HKMDS,202010,T1004,M100401,2020,04,operator,operator_02,,,,,,,133.3,(#)
HKMDS,202010,T1004,M100401,2020,05,operator,operator_02,,,,,,,161.6,(#)
HKMDS,202010,T1004,M100401,2020,06,operator,operator_02,,,,,,,183.1,(#)
HKMDS,202010,T1004,M100401,2020,07,operator,operator_02,,,,,,,155.8,(#)
HKMDS,202010,T1004,M100401,2017,,operator,operator_03,,,,,,,139,
HKMDS,202010,T1004,M100401,2018,,operator,operator_03,,,,,,,139.8,
HKMDS,202010,T1004,M100401,2019,,operator,operator_03,,,,,,,141.1,
HKMDS,202010,T1004,M100401,2019,05,operator,operator_03,,,,,,,145.7,
HKMDS,202010,T1004,M100401,2019,06,operator,operator_03,,,,,,,144.3,
HKMDS,202010,T1004,M100401,2019,07,operator,operator_03,,,,,,,135.4,
HKMDS,202010,T1004,M100401,2019,08,operator,operator_03,,,,,,,133.9,
HKMDS,202010,T1004,M100401,2019,09,operator,operator_03,,,,,,,146,
HKMDS,202010,T1004,M100401,2019,10,operator,operator_03,,,,,,,138.5,
HKMDS,202010,T1004,M100401,2019,11,operator,operator_03,,,,,,,129.6,
HKMDS,202010,T1004,M100401,2019,12,operator,operator_03,,,,,,,151.3,
HKMDS,202010,T1004,M100401,2020,01,operator,operator_03,,,,,,,135.2,
HKMDS,202010,T1004,M100401,2020,02,operator,operator_03,,,,,,,95.4,
HKMDS,202010,T1004,M100401,2020,03,operator,operator_03,,,,,,,101.8,
HKMDS,202010,T1004,M100401,2020,04,operator,operator_03,,,,,,,97.6,
HKMDS,202010,T1004,M100401,2020,05,operator,operator_03,,,,,,,112.7,
HKMDS,202010,T1004,M100401,2020,06,operator,operator_03,,,,,,,131.2,
HKMDS,202010,T1004,M100401,2020,07,operator,operator_03,,,,,,,109.3,
HKMDS,202010,T1004,M100401,2017,,operator,operator_0401,,,,,,,4805.9,
HKMDS,202010,T1004,M100401,2018,,operator,operator_0401,,,,,,,4921.5,
HKMDS,202010,T1004,M100401,2019,,operator,operator_0401,,,,,,,4633.4,
HKMDS,202010,T1004,M100401,2019,05,operator,operator_0401,,,,,,,4975.9,
HKMDS,202010,T1004,M100401,2019,06,operator,operator_0401,,,,,,,4899.7,
HKMDS,202010,T1004,M100401,2019,07,operator,operator_0401,,,,,,,4812.3,
HKMDS,202010,T1004,M100401,2019,08,operator,operator_0401,,,,,,,4522,
HKMDS,202010,T1004,M100401,2019,09,operator,operator_0401,,,,,,,4533.5,
HKMDS,202010,T1004,M100401,2019,10,operator,operator_0401,,,,,,,3767.9,
HKMDS,202010,T1004,M100401,2019,11,operator,operator_0401,,,,,,,3910.1,
HKMDS,202010,T1004,M100401,2019,12,operator,operator_0401,,,,,,,4279.3,
HKMDS,202010,T1004,M100401,2020,01,operator,operator_0401,,,,,,,4023.5,
HKMDS,202010,T1004,M100401,2020,02,operator,operator_0401,,,,,,,2468.8,
HKMDS,202010,T1004,M100401,2020,03,operator,operator_0401,,,,,,,2712.4,
HKMDS,202010,T1004,M100401,2020,04,operator,operator_0401,,,,,,,2486,
HKMDS,202010,T1004,M100401,2020,05,operator,operator_0401,,,,,,,3130.2,
HKMDS,202010,T1004,M100401,2020,06,operator,operator_0401,,,,,,,3670.2,
HKMDS,202010,T1004,M100401,2020,07,operator,operator_0401,,,,,,,2940,
HKMDS,202010,T1004,M100401,2017,,operator,operator_0402,,,,,,,45.5,
HKMDS,202010,T1004,M100401,2018,,operator,operator_0402,,,,,,,48.5,
HKMDS,202010,T1004,M100401,2019,,operator,operator_0402,,,,,,,43.2,
HKMDS,202010,T1004,M100401,2019,05,operator,operator_0402,,,,,,,46.5,
HKMDS,202010,T1004,M100401,2019,06,operator,operator_0402,,,,,,,48.1,
HKMDS,202010,T1004,M100401,2019,07,operator,operator_0402,,,,,,,47,
HKMDS,202010,T1004,M100401,2019,08,operator,operator_0402,,,,,,,41.7,
HKMDS,202010,T1004,M100401,2019,09,operator,operator_0402,,,,,,,34.5,
HKMDS,202010,T1004,M100401,2019,10,operator,operator_0402,,,,,,,29.6,
HKMDS,202010,T1004,M100401,2019,11,operator,operator_0402,,,,,,,33.1,
HKMDS,202010,T1004,M100401,2019,12,operator,operator_0402,,,,,,,34.7,
HKMDS,202010,T1004,M100401,2020,01,operator,operator_0402,,,,,,,31.4,
HKMDS,202010,T1004,M100401,2020,02,operator,operator_0402,,,,,,,12.9,
HKMDS,202010,T1004,M100401,2020,03,operator,operator_0402,,,,,,,8.3,
HKMDS,202010,T1004,M100401,2020,04,operator,operator_0402,,,,,,,4.5,
HKMDS,202010,T1004,M100401,2020,05,operator,operator_0402,,,,,,,5,
HKMDS,202010,T1004,M100401,2020,06,operator,operator_0402,,,,,,,5.9,
HKMDS,202010,T1004,M100401,2020,07,operator,operator_0402,,,,,,,5.4,
HKMDS,202010,T1004,M100401,2017,,operator,operator_0403,,,,,,,489,
HKMDS,202010,T1004,M100401,2018,,operator,operator_0403,,,,,,,491.5,
HKMDS,202010,T1004,M100401,2019,,operator,operator_0403,,,,,,,427.1,
HKMDS,202010,T1004,M100401,2019,05,operator,operator_0403,,,,,,,496.9,
HKMDS,202010,T1004,M100401,2019,06,operator,operator_0403,,,,,,,497.4,
HKMDS,202010,T1004,M100401,2019,07,operator,operator_0403,,,,,,,471.6,
HKMDS,202010,T1004,M100401,2019,08,operator,operator_0403,,,,,,,460.1,
HKMDS,202010,T1004,M100401,2019,09,operator,operator_0403,,,,,,,463,
HKMDS,202010,T1004,M100401,2019,10,operator,operator_0403,,,,,,,258.9,
HKMDS,202010,T1004,M100401,2019,11,operator,operator_0403,,,,,,,246.3,
HKMDS,202010,T1004,M100401,2019,12,operator,operator_0403,,,,,,,296.8,
HKMDS,202010,T1004,M100401,2020,01,operator,operator_0403,,,,,,,334.2,
HKMDS,202010,T1004,M100401,2020,02,operator,operator_0403,,,,,,,228.4,
HKMDS,202010,T1004,M100401,2020,03,operator,operator_0403,,,,,,,253.3,
HKMDS,202010,T1004,M100401,2020,04,operator,operator_0403,,,,,,,248.9,
HKMDS,202010,T1004,M100401,2020,05,operator,operator_0403,,,,,,,302.4,
HKMDS,202010,T1004,M100401,2020,06,operator,operator_0403,,,,,,,363.2,
HKMDS,202010,T1004,M100401,2020,07,operator,operator_0403,,,,,,,297.9,
HKMDS,202010,T1004,M100401,2017,,operator,operator_0404,,,,,,,172.1,
HKMDS,202010,T1004,M100401,2018,,operator,operator_0404,,,,,,,164.7,
HKMDS,202010,T1004,M100401,2019,,operator,operator_0404,,,,,,,149.4,
HKMDS,202010,T1004,M100401,2019,05,operator,operator_0404,,,,,,,157.9,
HKMDS,202010,T1004,M100401,2019,06,operator,operator_0404,,,,,,,143.9,
HKMDS,202010,T1004,M100401,2019,07,operator,operator_0404,,,,,,,136.4,
HKMDS,202010,T1004,M100401,2019,08,operator,operator_0404,,,,,,,127.4,
HKMDS,202010,T1004,M100401,2019,09,operator,operator_0404,,,,,,,142,
HKMDS,202010,T1004,M100401,2019,10,operator,operator_0404,,,,,,,146,
HKMDS,202010,T1004,M100401,2019,11,operator,operator_0404,,,,,,,135.3,
HKMDS,202010,T1004,M100401,2019,12,operator,operator_0404,,,,,,,153,
HKMDS,202010,T1004,M100401,2020,01,operator,operator_0404,,,,,,,140,
HKMDS,202010,T1004,M100401,2020,02,operator,operator_0404,,,,,,,97.5,
HKMDS,202010,T1004,M100401,2020,03,operator,operator_0404,,,,,,,102.1,
HKMDS,202010,T1004,M100401,2020,04,operator,operator_0404,,,,,,,98.3,
HKMDS,202010,T1004,M100401,2020,05,operator,operator_0404,,,,,,,114.3,
HKMDS,202010,T1004,M100401,2020,06,operator,operator_0404,,,,,,,126.3,
HKMDS,202010,T1004,M100401,2020,07,operator,operator_0404,,,,,,,101.1,
HKMDS,202010,T1004,M100401,2017,,operator,operator_04tt,,,,,,,5512.5,
HKMDS,202010,T1004,M100401,2018,,operator,operator_04tt,,,,,,,5626.3,
HKMDS,202010,T1004,M100401,2019,,operator,operator_04tt,,,,,,,5253,
HKMDS,202010,T1004,M100401,2019,05,operator,operator_04tt,,,,,,,5677.2,
HKMDS,202010,T1004,M100401,2019,06,operator,operator_04tt,,,,,,,5589.2,
HKMDS,202010,T1004,M100401,2019,07,operator,operator_04tt,,,,,,,5467.3,
HKMDS,202010,T1004,M100401,2019,08,operator,operator_04tt,,,,,,,5151.1,
HKMDS,202010,T1004,M100401,2019,09,operator,operator_04tt,,,,,,,5173,
HKMDS,202010,T1004,M100401,2019,10,operator,operator_04tt,,,,,,,4202.3,
HKMDS,202010,T1004,M100401,2019,11,operator,operator_04tt,,,,,,,4324.8,
HKMDS,202010,T1004,M100401,2019,12,operator,operator_04tt,,,,,,,4763.8,
HKMDS,202010,T1004,M100401,2020,01,operator,operator_04tt,,,,,,,4529.1,
HKMDS,202010,T1004,M100401,2020,02,operator,operator_04tt,,,,,,,2807.6,
HKMDS,202010,T1004,M100401,2020,03,operator,operator_04tt,,,,,,,3076.1,
HKMDS,202010,T1004,M100401,2020,04,operator,operator_04tt,,,,,,,2837.7,
HKMDS,202010,T1004,M100401,2020,05,operator,operator_04tt,,,,,,,3551.9,
HKMDS,202010,T1004,M100401,2020,06,operator,operator_04tt,,,,,,,4165.6,
HKMDS,202010,T1004,M100401,2020,07,operator,operator_04tt,,,,,,,3344.4,
HKMDS,202010,T1004,M100401,2017,,operator,operator_0501,,,,,,,1519.5,
HKMDS,202010,T1004,M100401,2018,,operator,operator_0501,,,,,,,1518,
HKMDS,202010,T1004,M100401,2019,,operator,operator_0501,,,,,,,1478.4,
HKMDS,202010,T1004,M100401,2019,05,operator,operator_0501,,,,,,,1506.8,
HKMDS,202010,T1004,M100401,2019,06,operator,operator_0501,,,,,,,1506,
HKMDS,202010,T1004,M100401,2019,07,operator,operator_0501,,,,,,,1473.7,
HKMDS,202010,T1004,M100401,2019,08,operator,operator_0501,,,,,,,1445.1,
HKMDS,202010,T1004,M100401,2019,09,operator,operator_0501,,,,,,,1518,
HKMDS,202010,T1004,M100401,2019,10,operator,operator_0501,,,,,,,1430.2,
HKMDS,202010,T1004,M100401,2019,11,operator,operator_0501,,,,,,,1429.4,
HKMDS,202010,T1004,M100401,2019,12,operator,operator_0501,,,,,,,1432.1,
HKMDS,202010,T1004,M100401,2020,01,operator,operator_0501,,,,,,,1361.6,(#)
HKMDS,202010,T1004,M100401,2020,02,operator,operator_0501,,,,,,,950.3,(#)
HKMDS,202010,T1004,M100401,2020,03,operator,operator_0501,,,,,,,1010.5,(#)
HKMDS,202010,T1004,M100401,2020,04,operator,operator_0501,,,,,,,966.1,(#)
HKMDS,202010,T1004,M100401,2020,05,operator,operator_0501,,,,,,,1103,(#)
HKMDS,202010,T1004,M100401,2020,06,operator,operator_0501,,,,,,,1255.1,(#)
HKMDS,202010,T1004,M100401,2020,07,operator,operator_0501,,,,,,,1083.6,(#)
HKMDS,202010,T1004,M100401,2017,,operator,operator_0502,,,,,,,295.3,
HKMDS,202010,T1004,M100401,2018,,operator,operator_0502,,,,,,,288.1,
HKMDS,202010,T1004,M100401,2019,,operator,operator_0502,,,,,,,282.7,
HKMDS,202010,T1004,M100401,2019,05,operator,operator_0502,,,,,,,280.2,
HKMDS,202010,T1004,M100401,2019,06,operator,operator_0502,,,,,,,280.7,
HKMDS,202010,T1004,M100401,2019,07,operator,operator_0502,,,,,,,286.7,
HKMDS,202010,T1004,M100401,2019,08,operator,operator_0502,,,,,,,290.5,
HKMDS,202010,T1004,M100401,2019,09,operator,operator_0502,,,,,,,281.8,
HKMDS,202010,T1004,M100401,2019,10,operator,operator_0502,,,,,,,282.1,
HKMDS,202010,T1004,M100401,2019,11,operator,operator_0502,,,,,,,288.9,
HKMDS,202010,T1004,M100401,2019,12,operator,operator_0502,,,,,,,277.3,
HKMDS,202010,T1004,M100401,2020,01,operator,operator_0502,,,,,,,273.2,
HKMDS,202010,T1004,M100401,2020,02,operator,operator_0502,,,,,,,285,
HKMDS,202010,T1004,M100401,2020,03,operator,operator_0502,,,,,,,275.5,
HKMDS,202010,T1004,M100401,2020,04,operator,operator_0502,,,,,,,256.2,
HKMDS,202010,T1004,M100401,2020,05,operator,operator_0502,,,,,,,268,
HKMDS,202010,T1004,M100401,2020,06,operator,operator_0502,,,,,,,272.8,
HKMDS,202010,T1004,M100401,2020,07,operator,operator_0502,,,,,,,276.1,
HKMDS,202010,T1004,M100401,2017,,operator,operator_05tt,,,,,,,1814.8,
HKMDS,202010,T1004,M100401,2018,,operator,operator_05tt,,,,,,,1806.1,
HKMDS,202010,T1004,M100401,2019,,operator,operator_05tt,,,,,,,1761.1,
HKMDS,202010,T1004,M100401,2019,05,operator,operator_05tt,,,,,,,1787,
HKMDS,202010,T1004,M100401,2019,06,operator,operator_05tt,,,,,,,1786.7,
HKMDS,202010,T1004,M100401,2019,07,operator,operator_05tt,,,,,,,1760.4,
HKMDS,202010,T1004,M100401,2019,08,operator,operator_05tt,,,,,,,1735.6,
HKMDS,202010,T1004,M100401,2019,09,operator,operator_05tt,,,,,,,1799.8,
HKMDS,202010,T1004,M100401,2019,10,operator,operator_05tt,,,,,,,1712.3,
HKMDS,202010,T1004,M100401,2019,11,operator,operator_05tt,,,,,,,1718.2,
HKMDS,202010,T1004,M100401,2019,12,operator,operator_05tt,,,,,,,1709.4,
HKMDS,202010,T1004,M100401,2020,01,operator,operator_05tt,,,,,,,1634.9,(#)
HKMDS,202010,T1004,M100401,2020,02,operator,operator_05tt,,,,,,,1235.3,(#)
HKMDS,202010,T1004,M100401,2020,03,operator,operator_05tt,,,,,,,1286,(#)
HKMDS,202010,T1004,M100401,2020,04,operator,operator_05tt,,,,,,,1222.3,(#)
HKMDS,202010,T1004,M100401,2020,05,operator,operator_05tt,,,,,,,1371,(#)
HKMDS,202010,T1004,M100401,2020,06,operator,operator_05tt,,,,,,,1527.9,(#)
HKMDS,202010,T1004,M100401,2020,07,operator,operator_05tt,,,,,,,1359.6,(#)
HKMDS,202010,T1004,M100401,2017,,operator,operator_06,,,,,,,898,
HKMDS,202010,T1004,M100401,2018,,operator,operator_06,,,,,,,889,
HKMDS,202010,T1004,M100401,2019,,operator,operator_06,,,,,,,854.6,
HKMDS,202010,T1004,M100401,2019,05,operator,operator_06,,,,,,,868.1,
HKMDS,202010,T1004,M100401,2019,06,operator,operator_06,,,,,,,879,
HKMDS,202010,T1004,M100401,2019,07,operator,operator_06,,,,,,,859.6,
HKMDS,202010,T1004,M100401,2019,08,operator,operator_06,,,,,,,843.4,
HKMDS,202010,T1004,M100401,2019,09,operator,operator_06,,,,,,,857.1,
HKMDS,202010,T1004,M100401,2019,10,operator,operator_06,,,,,,,828.9,
HKMDS,202010,T1004,M100401,2019,11,operator,operator_06,,,,,,,811.8,
HKMDS,202010,T1004,M100401,2019,12,operator,operator_06,,,,,,,818.1,
HKMDS,202010,T1004,M100401,2020,01,operator,operator_06,,,,,,,807.2,
HKMDS,202010,T1004,M100401,2020,02,operator,operator_06,,,,,,,556.7,
HKMDS,202010,T1004,M100401,2020,03,operator,operator_06,,,,,,,579.2,
HKMDS,202010,T1004,M100401,2020,04,operator,operator_06,,,,,,,531.7,
HKMDS,202010,T1004,M100401,2020,05,operator,operator_06,,,,,,,692.5,(#)
HKMDS,202010,T1004,M100401,2020,06,operator,operator_06,,,,,,,782.6,(#)
HKMDS,202010,T1004,M100401,2020,07,operator,operator_06,,,,,,,620.5,(#)
HKMDS,202010,T1004,M100401,2017,,operator,operator_0701,,,,,,,38.2,
HKMDS,202010,T1004,M100401,2018,,operator,operator_0701,,,,,,,36.8,
HKMDS,202010,T1004,M100401,2019,,operator,operator_0701,,,,,,,36.8,
HKMDS,202010,T1004,M100401,2019,05,operator,operator_0701,,,,,,,37.7,
HKMDS,202010,T1004,M100401,2019,06,operator,operator_0701,,,,,,,35.3,
HKMDS,202010,T1004,M100401,2019,07,operator,operator_0701,,,,,,,35.2,
HKMDS,202010,T1004,M100401,2019,08,operator,operator_0701,,,,,,,33.5,
HKMDS,202010,T1004,M100401,2019,09,operator,operator_0701,,,,,,,33.7,
HKMDS,202010,T1004,M100401,2019,10,operator,operator_0701,,,,,,,34.5,
HKMDS,202010,T1004,M100401,2019,11,operator,operator_0701,,,,,,,42.1,
HKMDS,202010,T1004,M100401,2019,12,operator,operator_0701,,,,,,,37.4,
HKMDS,202010,T1004,M100401,2020,01,operator,operator_0701,,,,,,,35.3,
HKMDS,202010,T1004,M100401,2020,02,operator,operator_0701,,,,,,,25.6,
HKMDS,202010,T1004,M100401,2020,03,operator,operator_0701,,,,,,,28.1,
HKMDS,202010,T1004,M100401,2020,04,operator,operator_0701,,,,,,,27.6,
HKMDS,202010,T1004,M100401,2020,05,operator,operator_0701,,,,,,,33.1,
HKMDS,202010,T1004,M100401,2020,06,operator,operator_0701,,,,,,,34.3,
HKMDS,202010,T1004,M100401,2020,07,operator,operator_0701,,,,,,,28,
HKMDS,202010,T1004,M100401,2017,,operator,operator_0702,,,,,,,52.8,
HKMDS,202010,T1004,M100401,2018,,operator,operator_0702,,,,,,,53.9,
HKMDS,202010,T1004,M100401,2019,,operator,operator_0702,,,,,,,49.2,
HKMDS,202010,T1004,M100401,2019,05,operator,operator_0702,,,,,,,50.3,
HKMDS,202010,T1004,M100401,2019,06,operator,operator_0702,,,,,,,51.2,
HKMDS,202010,T1004,M100401,2019,07,operator,operator_0702,,,,,,,49.5,
HKMDS,202010,T1004,M100401,2019,08,operator,operator_0702,,,,,,,38.5,
HKMDS,202010,T1004,M100401,2019,09,operator,operator_0702,,,,,,,37.1,
HKMDS,202010,T1004,M100401,2019,10,operator,operator_0702,,,,,,,43.7,
HKMDS,202010,T1004,M100401,2019,11,operator,operator_0702,,,,,,,44.1,
HKMDS,202010,T1004,M100401,2019,12,operator,operator_0702,,,,,,,44.2,
HKMDS,202010,T1004,M100401,2020,01,operator,operator_0702,,,,,,,38.3,
HKMDS,202010,T1004,M100401,2020,02,operator,operator_0702,,,,,,,19.6,
HKMDS,202010,T1004,M100401,2020,03,operator,operator_0702,,,,,,,20.3,
HKMDS,202010,T1004,M100401,2020,04,operator,operator_0702,,,,,,,19.4,
HKMDS,202010,T1004,M100401,2020,05,operator,operator_0702,,,,,,,24.1,
HKMDS,202010,T1004,M100401,2020,06,operator,operator_0702,,,,,,,24.8,
HKMDS,202010,T1004,M100401,2020,07,operator,operator_0702,,,,,,,18.3,
HKMDS,202010,T1004,M100401,2017,,operator,operator_0703,,,,,,,37.2,
HKMDS,202010,T1004,M100401,2018,,operator,operator_0703,,,,,,,36.7,
HKMDS,202010,T1004,M100401,2019,,operator,operator_0703,,,,,,,36.2,
HKMDS,202010,T1004,M100401,2019,05,operator,operator_0703,,,,,,,36.9,
HKMDS,202010,T1004,M100401,2019,06,operator,operator_0703,,,,,,,35.3,
HKMDS,202010,T1004,M100401,2019,07,operator,operator_0703,,,,,,,31.5,
HKMDS,202010,T1004,M100401,2019,08,operator,operator_0703,,,,,,,32.2,
HKMDS,202010,T1004,M100401,2019,09,operator,operator_0703,,,,,,,35.5,
HKMDS,202010,T1004,M100401,2019,10,operator,operator_0703,,,,,,,36.7,
HKMDS,202010,T1004,M100401,2019,11,operator,operator_0703,,,,,,,40.8,
HKMDS,202010,T1004,M100401,2019,12,operator,operator_0703,,,,,,,36.5,
HKMDS,202010,T1004,M100401,2020,01,operator,operator_0703,,,,,,,34,
HKMDS,202010,T1004,M100401,2020,02,operator,operator_0703,,,,,,,27.1,
HKMDS,202010,T1004,M100401,2020,03,operator,operator_0703,,,,,,,28.8,
HKMDS,202010,T1004,M100401,2020,04,operator,operator_0703,,,,,,,27.7,(*)
HKMDS,202010,T1004,M100401,2020,05,operator,operator_0703,,,,,,,33.2,
HKMDS,202010,T1004,M100401,2020,06,operator,operator_0703,,,,,,,34.9,
HKMDS,202010,T1004,M100401,2020,07,operator,operator_0703,,,,,,,28.9,
HKMDS,202010,T1004,M100401,2017,,operator,operator_07tt,,,,,,,128.2,
HKMDS,202010,T1004,M100401,2018,,operator,operator_07tt,,,,,,,127.3,
HKMDS,202010,T1004,M100401,2019,,operator,operator_07tt,,,,,,,122.2,
HKMDS,202010,T1004,M100401,2019,05,operator,operator_07tt,,,,,,,124.9,
HKMDS,202010,T1004,M100401,2019,06,operator,operator_07tt,,,,,,,121.8,
HKMDS,202010,T1004,M100401,2019,07,operator,operator_07tt,,,,,,,116.1,
HKMDS,202010,T1004,M100401,2019,08,operator,operator_07tt,,,,,,,104.2,
HKMDS,202010,T1004,M100401,2019,09,operator,operator_07tt,,,,,,,106.2,
HKMDS,202010,T1004,M100401,2019,10,operator,operator_07tt,,,,,,,114.8,
HKMDS,202010,T1004,M100401,2019,11,operator,operator_07tt,,,,,,,127.1,
HKMDS,202010,T1004,M100401,2019,12,operator,operator_07tt,,,,,,,118.1,
HKMDS,202010,T1004,M100401,2020,01,operator,operator_07tt,,,,,,,107.6,
HKMDS,202010,T1004,M100401,2020,02,operator,operator_07tt,,,,,,,72.2,
HKMDS,202010,T1004,M100401,2020,03,operator,operator_07tt,,,,,,,77.3,
HKMDS,202010,T1004,M100401,2020,04,operator,operator_07tt,,,,,,,74.8,(*)
HKMDS,202010,T1004,M100401,2020,05,operator,operator_07tt,,,,,,,90.5,
HKMDS,202010,T1004,M100401,2020,06,operator,operator_07tt,,,,,,,94,
HKMDS,202010,T1004,M100401,2020,07,operator,operator_07tt,,,,,,,75.3,
HKMDS,202010,T1004,M100401,2017,,operator,operator_tt,,,,,,,12690.8,
HKMDS,202010,T1004,M100401,2018,,operator,operator_tt,,,,,,,12868.2,
HKMDS,202010,T1004,M100401,2019,,operator,operator_tt,,,,,,,12439.6,
HKMDS,202010,T1004,M100401,2019,05,operator,operator_tt,,,,,,,13002,
HKMDS,202010,T1004,M100401,2019,06,operator,operator_tt,,,,,,,12862.9,
HKMDS,202010,T1004,M100401,2019,07,operator,operator_tt,,,,,,,12612.9,
HKMDS,202010,T1004,M100401,2019,08,operator,operator_tt,,,,,,,12077.9,
HKMDS,202010,T1004,M100401,2019,09,operator,operator_tt,,,,,,,12568.5,
HKMDS,202010,T1004,M100401,2019,10,operator,operator_tt,,,,,,,11467.6,
HKMDS,202010,T1004,M100401,2019,11,operator,operator_tt,,,,,,,10933.8,
HKMDS,202010,T1004,M100401,2019,12,operator,operator_tt,,,,,,,11801.6,
HKMDS,202010,T1004,M100401,2020,01,operator,operator_tt,,,,,,,11262.9,(#)
HKMDS,202010,T1004,M100401,2020,02,operator,operator_tt,,,,,,,7445.2,(#)
HKMDS,202010,T1004,M100401,2020,03,operator,operator_tt,,,,,,,7911.5,(#)
HKMDS,202010,T1004,M100401,2020,04,operator,operator_tt,,,,,,,7385.9,(#)
HKMDS,202010,T1004,M100401,2020,05,operator,operator_tt,,,,,,,9022,(#)
HKMDS,202010,T1004,M100401,2020,06,operator,operator_tt,,,,,,,10381.8,(#)
HKMDS,202010,T1004,M100401,2020,07,operator,operator_tt,,,,,,,8526.4,(#)
HKMDS,202010,T1005,M100501,2017,,vehicles,vehicles_01,,,,,,,53317,
HKMDS,202010,T1005,M100501,2018,,vehicles,vehicles_01,,,,,,,55545,
HKMDS,202010,T1005,M100501,2019,,vehicles,vehicles_01,,,,,,,58937,
HKMDS,202010,T1005,M100501,2019,06,vehicles,vehicles_01,,,,,,,56901,
HKMDS,202010,T1005,M100501,2019,07,vehicles,vehicles_01,,,,,,,57194,
HKMDS,202010,T1005,M100501,2019,08,vehicles,vehicles_01,,,,,,,57298,
HKMDS,202010,T1005,M100501,2019,09,vehicles,vehicles_01,,,,,,,57713,
HKMDS,202010,T1005,M100501,2019,10,vehicles,vehicles_01,,,,,,,58107,
HKMDS,202010,T1005,M100501,2019,11,vehicles,vehicles_01,,,,,,,58430,
HKMDS,202010,T1005,M100501,2019,12,vehicles,vehicles_01,,,,,,,58937,
HKMDS,202010,T1005,M100501,2020,01,vehicles,vehicles_01,,,,,,,58878,
HKMDS,202010,T1005,M100501,2020,02,vehicles,vehicles_01,,,,,,,58255,
HKMDS,202010,T1005,M100501,2020,03,vehicles,vehicles_01,,,,,,,58542,
HKMDS,202010,T1005,M100501,2020,04,vehicles,vehicles_01,,,,,,,59188,
HKMDS,202010,T1005,M100501,2020,05,vehicles,vehicles_01,,,,,,,60520,
HKMDS,202010,T1005,M100501,2020,06,vehicles,vehicles_01,,,,,,,61574,
HKMDS,202010,T1005,M100501,2020,07,vehicles,vehicles_01,,,,,,,62420,
HKMDS,202010,T1005,M100501,2020,08,vehicles,vehicles_01,,,,,,,62637,
HKMDS,202010,T1005,M100502,2017,,vehicles,vehicles_01,,,,,,,5402,
HKMDS,202010,T1005,M100502,2018,,vehicles,vehicles_01,,,,,,,4950,
HKMDS,202010,T1005,M100502,2019,,vehicles,vehicles_01,,,,,,,6347,
HKMDS,202010,T1005,M100502,2019,06,vehicles,vehicles_01,,,,,,,473,
HKMDS,202010,T1005,M100502,2019,07,vehicles,vehicles_01,,,,,,,599,
HKMDS,202010,T1005,M100502,2019,08,vehicles,vehicles_01,,,,,,,576,
HKMDS,202010,T1005,M100502,2019,09,vehicles,vehicles_01,,,,,,,556,
HKMDS,202010,T1005,M100502,2019,10,vehicles,vehicles_01,,,,,,,599,
HKMDS,202010,T1005,M100502,2019,11,vehicles,vehicles_01,,,,,,,640,
HKMDS,202010,T1005,M100502,2019,12,vehicles,vehicles_01,,,,,,,643,
HKMDS,202010,T1005,M100502,2020,01,vehicles,vehicles_01,,,,,,,427,
HKMDS,202010,T1005,M100502,2020,02,vehicles,vehicles_01,,,,,,,490,
HKMDS,202010,T1005,M100502,2020,03,vehicles,vehicles_01,,,,,,,714,
HKMDS,202010,T1005,M100502,2020,04,vehicles,vehicles_01,,,,,,,751,
HKMDS,202010,T1005,M100502,2020,05,vehicles,vehicles_01,,,,,,,830,
HKMDS,202010,T1005,M100502,2020,06,vehicles,vehicles_01,,,,,,,823,
HKMDS,202010,T1005,M100502,2020,07,vehicles,vehicles_01,,,,,,,938,
HKMDS,202010,T1005,M100502,2020,08,vehicles,vehicles_01,,,,,,,850,
HKMDS,202010,T1005,M100501,2017,,vehicles,vehicles_02,,,,,,,552710,
HKMDS,202010,T1005,M100501,2018,,vehicles,vehicles_02,,,,,,,565213,
HKMDS,202010,T1005,M100501,2019,,vehicles,vehicles_02,,,,,,,573932,
HKMDS,202010,T1005,M100501,2019,06,vehicles,vehicles_02,,,,,,,570239,
HKMDS,202010,T1005,M100501,2019,07,vehicles,vehicles_02,,,,,,,571006,
HKMDS,202010,T1005,M100501,2019,08,vehicles,vehicles_02,,,,,,,570919,
HKMDS,202010,T1005,M100501,2019,09,vehicles,vehicles_02,,,,,,,571065,
HKMDS,202010,T1005,M100501,2019,10,vehicles,vehicles_02,,,,,,,572019,
HKMDS,202010,T1005,M100501,2019,11,vehicles,vehicles_02,,,,,,,572187,
HKMDS,202010,T1005,M100501,2019,12,vehicles,vehicles_02,,,,,,,573932,
HKMDS,202010,T1005,M100501,2020,01,vehicles,vehicles_02,,,,,,,573571,
HKMDS,202010,T1005,M100501,2020,02,vehicles,vehicles_02,,,,,,,565103,
HKMDS,202010,T1005,M100501,2020,03,vehicles,vehicles_02,,,,,,,564391,
HKMDS,202010,T1005,M100501,2020,04,vehicles,vehicles_02,,,,,,,565764,
HKMDS,202010,T1005,M100501,2020,05,vehicles,vehicles_02,,,,,,,569987,
HKMDS,202010,T1005,M100501,2020,06,vehicles,vehicles_02,,,,,,,572211,
HKMDS,202010,T1005,M100501,2020,07,vehicles,vehicles_02,,,,,,,572615,
HKMDS,202010,T1005,M100501,2020,08,vehicles,vehicles_02,,,,,,,570579,
HKMDS,202010,T1005,M100502,2017,,vehicles,vehicles_02,,,,,,,37298,
HKMDS,202010,T1005,M100502,2018,,vehicles,vehicles_02,,,,,,,34596,
HKMDS,202010,T1005,M100502,2019,,vehicles,vehicles_02,,,,,,,37318,
HKMDS,202010,T1005,M100502,2019,06,vehicles,vehicles_02,,,,,,,3392,
HKMDS,202010,T1005,M100502,2019,07,vehicles,vehicles_02,,,,,,,3403,
HKMDS,202010,T1005,M100502,2019,08,vehicles,vehicles_02,,,,,,,3257,
HKMDS,202010,T1005,M100502,2019,09,vehicles,vehicles_02,,,,,,,3116,
HKMDS,202010,T1005,M100502,2019,10,vehicles,vehicles_02,,,,,,,2893,
HKMDS,202010,T1005,M100502,2019,11,vehicles,vehicles_02,,,,,,,3100,
HKMDS,202010,T1005,M100502,2019,12,vehicles,vehicles_02,,,,,,,3292,
HKMDS,202010,T1005,M100502,2020,01,vehicles,vehicles_02,,,,,,,2323,
HKMDS,202010,T1005,M100502,2020,02,vehicles,vehicles_02,,,,,,,1930,
HKMDS,202010,T1005,M100502,2020,03,vehicles,vehicles_02,,,,,,,2884,
HKMDS,202010,T1005,M100502,2020,04,vehicles,vehicles_02,,,,,,,2293,
HKMDS,202010,T1005,M100502,2020,05,vehicles,vehicles_02,,,,,,,2840,
HKMDS,202010,T1005,M100502,2020,06,vehicles,vehicles_02,,,,,,,2715,
HKMDS,202010,T1005,M100502,2020,07,vehicles,vehicles_02,,,,,,,3086,
HKMDS,202010,T1005,M100502,2020,08,vehicles,vehicles_02,,,,,,,3550,
HKMDS,202010,T1005,M100501,2017,,vehicles,vehicles_0301,,,,,,,15240,
HKMDS,202010,T1005,M100501,2018,,vehicles,vehicles_0301,,,,,,,15234,
HKMDS,202010,T1005,M100501,2019,,vehicles,vehicles_0301,,,,,,,15231,
HKMDS,202010,T1005,M100501,2019,06,vehicles,vehicles_0301,,,,,,,15222,
HKMDS,202010,T1005,M100501,2019,07,vehicles,vehicles_0301,,,,,,,15229,
HKMDS,202010,T1005,M100501,2019,08,vehicles,vehicles_0301,,,,,,,15231,
HKMDS,202010,T1005,M100501,2019,09,vehicles,vehicles_0301,,,,,,,15231,
HKMDS,202010,T1005,M100501,2019,10,vehicles,vehicles_0301,,,,,,,15233,
HKMDS,202010,T1005,M100501,2019,11,vehicles,vehicles_0301,,,,,,,15235,
HKMDS,202010,T1005,M100501,2019,12,vehicles,vehicles_0301,,,,,,,15231,
HKMDS,202010,T1005,M100501,2020,01,vehicles,vehicles_0301,,,,,,,15229,
HKMDS,202010,T1005,M100501,2020,02,vehicles,vehicles_0301,,,,,,,15194,
HKMDS,202010,T1005,M100501,2020,03,vehicles,vehicles_0301,,,,,,,15183,
HKMDS,202010,T1005,M100501,2020,04,vehicles,vehicles_0301,,,,,,,15133,
HKMDS,202010,T1005,M100501,2020,05,vehicles,vehicles_0301,,,,,,,15139,
HKMDS,202010,T1005,M100501,2020,06,vehicles,vehicles_0301,,,,,,,15173,
HKMDS,202010,T1005,M100501,2020,07,vehicles,vehicles_0301,,,,,,,15178,
HKMDS,202010,T1005,M100501,2020,08,vehicles,vehicles_0301,,,,,,,15177,
HKMDS,202010,T1005,M100502,2017,,vehicles,vehicles_0301,,,,,,,1652,
HKMDS,202010,T1005,M100502,2018,,vehicles,vehicles_0301,,,,,,,1526,
HKMDS,202010,T1005,M100502,2019,,vehicles,vehicles_0301,,,,,,,1028,
HKMDS,202010,T1005,M100502,2019,06,vehicles,vehicles_0301,,,,,,,82,
HKMDS,202010,T1005,M100502,2019,07,vehicles,vehicles_0301,,,,,,,89,
HKMDS,202010,T1005,M100502,2019,08,vehicles,vehicles_0301,,,,,,,82,
HKMDS,202010,T1005,M100502,2019,09,vehicles,vehicles_0301,,,,,,,85,
HKMDS,202010,T1005,M100502,2019,10,vehicles,vehicles_0301,,,,,,,97,
HKMDS,202010,T1005,M100502,2019,11,vehicles,vehicles_0301,,,,,,,58,
HKMDS,202010,T1005,M100502,2019,12,vehicles,vehicles_0301,,,,,,,56,
HKMDS,202010,T1005,M100502,2020,01,vehicles,vehicles_0301,,,,,,,51,
HKMDS,202010,T1005,M100502,2020,02,vehicles,vehicles_0301,,,,,,,42,
HKMDS,202010,T1005,M100502,2020,03,vehicles,vehicles_0301,,,,,,,74,
HKMDS,202010,T1005,M100502,2020,04,vehicles,vehicles_0301,,,,,,,42,
HKMDS,202010,T1005,M100502,2020,05,vehicles,vehicles_0301,,,,,,,58,
HKMDS,202010,T1005,M100502,2020,06,vehicles,vehicles_0301,,,,,,,67,
HKMDS,202010,T1005,M100502,2020,07,vehicles,vehicles_0301,,,,,,,74,
HKMDS,202010,T1005,M100502,2020,08,vehicles,vehicles_0301,,,,,,,35,
HKMDS,202010,T1005,M100501,2017,,vehicles,vehicles_0302,,,,,,,2834,
HKMDS,202010,T1005,M100501,2018,,vehicles,vehicles_0302,,,,,,,2834,
HKMDS,202010,T1005,M100501,2019,,vehicles,vehicles_0302,,,,,,,2826,
HKMDS,202010,T1005,M100501,2019,06,vehicles,vehicles_0302,,,,,,,2834,
HKMDS,202010,T1005,M100501,2019,07,vehicles,vehicles_0302,,,,,,,2833,
HKMDS,202010,T1005,M100501,2019,08,vehicles,vehicles_0302,,,,,,,2834,
HKMDS,202010,T1005,M100501,2019,09,vehicles,vehicles_0302,,,,,,,2829,
HKMDS,202010,T1005,M100501,2019,10,vehicles,vehicles_0302,,,,,,,2826,
HKMDS,202010,T1005,M100501,2019,11,vehicles,vehicles_0302,,,,,,,2825,
HKMDS,202010,T1005,M100501,2019,12,vehicles,vehicles_0302,,,,,,,2826,
HKMDS,202010,T1005,M100501,2020,01,vehicles,vehicles_0302,,,,,,,2827,
HKMDS,202010,T1005,M100501,2020,02,vehicles,vehicles_0302,,,,,,,2824,
HKMDS,202010,T1005,M100501,2020,03,vehicles,vehicles_0302,,,,,,,2814,
HKMDS,202010,T1005,M100501,2020,04,vehicles,vehicles_0302,,,,,,,2808,
HKMDS,202010,T1005,M100501,2020,05,vehicles,vehicles_0302,,,,,,,2810,
HKMDS,202010,T1005,M100501,2020,06,vehicles,vehicles_0302,,,,,,,2819,
HKMDS,202010,T1005,M100501,2020,07,vehicles,vehicles_0302,,,,,,,2825,
HKMDS,202010,T1005,M100501,2020,08,vehicles,vehicles_0302,,,,,,,2814,
HKMDS,202010,T1005,M100502,2017,,vehicles,vehicles_0302,,,,,,,288,
HKMDS,202010,T1005,M100502,2018,,vehicles,vehicles_0302,,,,,,,236,
HKMDS,202010,T1005,M100502,2019,,vehicles,vehicles_0302,,,,,,,82,
HKMDS,202010,T1005,M100502,2019,06,vehicles,vehicles_0302,,,,,,,11,
HKMDS,202010,T1005,M100502,2019,07,vehicles,vehicles_0302,,,,,,,4,
HKMDS,202010,T1005,M100502,2019,08,vehicles,vehicles_0302,,,,,,,7,
HKMDS,202010,T1005,M100502,2019,09,vehicles,vehicles_0302,,,,,,,1,
HKMDS,202010,T1005,M100502,2019,10,vehicles,vehicles_0302,,,,,,,11,
HKMDS,202010,T1005,M100502,2019,11,vehicles,vehicles_0302,,,,,,,5,
HKMDS,202010,T1005,M100502,2019,12,vehicles,vehicles_0302,,,,,,,3,
HKMDS,202010,T1005,M100502,2020,01,vehicles,vehicles_0302,,,,,,,4,
HKMDS,202010,T1005,M100502,2020,02,vehicles,vehicles_0302,,,,,,,4,
HKMDS,202010,T1005,M100502,2020,03,vehicles,vehicles_0302,,,,,,,0,
HKMDS,202010,T1005,M100502,2020,04,vehicles,vehicles_0302,,,,,,,8,
HKMDS,202010,T1005,M100502,2020,05,vehicles,vehicles_0302,,,,,,,9,
HKMDS,202010,T1005,M100502,2020,06,vehicles,vehicles_0302,,,,,,,6,
HKMDS,202010,T1005,M100502,2020,07,vehicles,vehicles_0302,,,,,,,5,
HKMDS,202010,T1005,M100502,2020,08,vehicles,vehicles_0302,,,,,,,4,
HKMDS,202010,T1005,M100501,2017,,vehicles,vehicles_0303,,,,,,,74,
HKMDS,202010,T1005,M100501,2018,,vehicles,vehicles_0303,,,,,,,75,
HKMDS,202010,T1005,M100501,2019,,vehicles,vehicles_0303,,,,,,,75,
HKMDS,202010,T1005,M100501,2019,06,vehicles,vehicles_0303,,,,,,,75,
HKMDS,202010,T1005,M100501,2019,07,vehicles,vehicles_0303,,,,,,,75,
HKMDS,202010,T1005,M100501,2019,08,vehicles,vehicles_0303,,,,,,,75,
HKMDS,202010,T1005,M100501,2019,09,vehicles,vehicles_0303,,,,,,,75,
HKMDS,202010,T1005,M100501,2019,10,vehicles,vehicles_0303,,,,,,,75,
HKMDS,202010,T1005,M100501,2019,11,vehicles,vehicles_0303,,,,,,,74,
HKMDS,202010,T1005,M100501,2019,12,vehicles,vehicles_0303,,,,,,,75,
HKMDS,202010,T1005,M100501,2020,01,vehicles,vehicles_0303,,,,,,,75,
HKMDS,202010,T1005,M100501,2020,02,vehicles,vehicles_0303,,,,,,,75,
HKMDS,202010,T1005,M100501,2020,03,vehicles,vehicles_0303,,,,,,,75,
HKMDS,202010,T1005,M100501,2020,04,vehicles,vehicles_0303,,,,,,,75,
HKMDS,202010,T1005,M100501,2020,05,vehicles,vehicles_0303,,,,,,,75,
HKMDS,202010,T1005,M100501,2020,06,vehicles,vehicles_0303,,,,,,,75,
HKMDS,202010,T1005,M100501,2020,07,vehicles,vehicles_0303,,,,,,,75,
HKMDS,202010,T1005,M100501,2020,08,vehicles,vehicles_0303,,,,,,,75,
HKMDS,202010,T1005,M100502,2017,,vehicles,vehicles_0303,,,,,,,4,
HKMDS,202010,T1005,M100502,2018,,vehicles,vehicles_0303,,,,,,,7,
HKMDS,202010,T1005,M100502,2019,,vehicles,vehicles_0303,,,,,,,8,
HKMDS,202010,T1005,M100502,2019,06,vehicles,vehicles_0303,,,,,,,0,
HKMDS,202010,T1005,M100502,2019,07,vehicles,vehicles_0303,,,,,,,0,
HKMDS,202010,T1005,M100502,2019,08,vehicles,vehicles_0303,,,,,,,2,
HKMDS,202010,T1005,M100502,2019,09,vehicles,vehicles_0303,,,,,,,0,
HKMDS,202010,T1005,M100502,2019,10,vehicles,vehicles_0303,,,,,,,1,
HKMDS,202010,T1005,M100502,2019,11,vehicles,vehicles_0303,,,,,,,0,
HKMDS,202010,T1005,M100502,2019,12,vehicles,vehicles_0303,,,,,,,1,
HKMDS,202010,T1005,M100502,2020,01,vehicles,vehicles_0303,,,,,,,0,
HKMDS,202010,T1005,M100502,2020,02,vehicles,vehicles_0303,,,,,,,0,
HKMDS,202010,T1005,M100502,2020,03,vehicles,vehicles_0303,,,,,,,0,
HKMDS,202010,T1005,M100502,2020,04,vehicles,vehicles_0303,,,,,,,0,
HKMDS,202010,T1005,M100502,2020,05,vehicles,vehicles_0303,,,,,,,1,
HKMDS,202010,T1005,M100502,2020,06,vehicles,vehicles_0303,,,,,,,0,
HKMDS,202010,T1005,M100502,2020,07,vehicles,vehicles_0303,,,,,,,0,
HKMDS,202010,T1005,M100502,2020,08,vehicles,vehicles_0303,,,,,,,0,
HKMDS,202010,T1005,M100501,2017,,vehicles,vehicles_03tt,,,,,,,18148,
HKMDS,202010,T1005,M100501,2018,,vehicles,vehicles_03tt,,,,,,,18143,
HKMDS,202010,T1005,M100501,2019,,vehicles,vehicles_03tt,,,,,,,18132,
HKMDS,202010,T1005,M100501,2019,06,vehicles,vehicles_03tt,,,,,,,18131,
HKMDS,202010,T1005,M100501,2019,07,vehicles,vehicles_03tt,,,,,,,18137,
HKMDS,202010,T1005,M100501,2019,08,vehicles,vehicles_03tt,,,,,,,18140,
HKMDS,202010,T1005,M100501,2019,09,vehicles,vehicles_03tt,,,,,,,18135,
HKMDS,202010,T1005,M100501,2019,10,vehicles,vehicles_03tt,,,,,,,18134,
HKMDS,202010,T1005,M100501,2019,11,vehicles,vehicles_03tt,,,,,,,18134,
HKMDS,202010,T1005,M100501,2019,12,vehicles,vehicles_03tt,,,,,,,18132,
HKMDS,202010,T1005,M100501,2020,01,vehicles,vehicles_03tt,,,,,,,18131,
HKMDS,202010,T1005,M100501,2020,02,vehicles,vehicles_03tt,,,,,,,18093,
HKMDS,202010,T1005,M100501,2020,03,vehicles,vehicles_03tt,,,,,,,18072,
HKMDS,202010,T1005,M100501,2020,04,vehicles,vehicles_03tt,,,,,,,18016,
HKMDS,202010,T1005,M100501,2020,05,vehicles,vehicles_03tt,,,,,,,18024,
HKMDS,202010,T1005,M100501,2020,06,vehicles,vehicles_03tt,,,,,,,18067,
HKMDS,202010,T1005,M100501,2020,07,vehicles,vehicles_03tt,,,,,,,18078,
HKMDS,202010,T1005,M100501,2020,08,vehicles,vehicles_03tt,,,,,,,18066,
HKMDS,202010,T1005,M100502,2017,,vehicles,vehicles_03tt,,,,,,,1944,
HKMDS,202010,T1005,M100502,2018,,vehicles,vehicles_03tt,,,,,,,1769,
HKMDS,202010,T1005,M100502,2019,,vehicles,vehicles_03tt,,,,,,,1118,
HKMDS,202010,T1005,M100502,2019,06,vehicles,vehicles_03tt,,,,,,,93,
HKMDS,202010,T1005,M100502,2019,07,vehicles,vehicles_03tt,,,,,,,93,
HKMDS,202010,T1005,M100502,2019,08,vehicles,vehicles_03tt,,,,,,,91,
HKMDS,202010,T1005,M100502,2019,09,vehicles,vehicles_03tt,,,,,,,86,
HKMDS,202010,T1005,M100502,2019,10,vehicles,vehicles_03tt,,,,,,,109,
HKMDS,202010,T1005,M100502,2019,11,vehicles,vehicles_03tt,,,,,,,63,
HKMDS,202010,T1005,M100502,2019,12,vehicles,vehicles_03tt,,,,,,,60,
HKMDS,202010,T1005,M100502,2020,01,vehicles,vehicles_03tt,,,,,,,55,
HKMDS,202010,T1005,M100502,2020,02,vehicles,vehicles_03tt,,,,,,,46,
HKMDS,202010,T1005,M100502,2020,03,vehicles,vehicles_03tt,,,,,,,74,
HKMDS,202010,T1005,M100502,2020,04,vehicles,vehicles_03tt,,,,,,,50,
HKMDS,202010,T1005,M100502,2020,05,vehicles,vehicles_03tt,,,,,,,68,
HKMDS,202010,T1005,M100502,2020,06,vehicles,vehicles_03tt,,,,,,,73,
HKMDS,202010,T1005,M100502,2020,07,vehicles,vehicles_03tt,,,,,,,79,
HKMDS,202010,T1005,M100502,2020,08,vehicles,vehicles_03tt,,,,,,,39,
HKMDS,202010,T1005,M100501,2017,,vehicles,vehicles_0401,,,,,,,702,
HKMDS,202010,T1005,M100501,2018,,vehicles,vehicles_0401,,,,,,,663,
HKMDS,202010,T1005,M100501,2019,,vehicles,vehicles_0401,,,,,,,685,
HKMDS,202010,T1005,M100501,2019,06,vehicles,vehicles_0401,,,,,,,690,
HKMDS,202010,T1005,M100501,2019,07,vehicles,vehicles_0401,,,,,,,690,
HKMDS,202010,T1005,M100501,2019,08,vehicles,vehicles_0401,,,,,,,685,
HKMDS,202010,T1005,M100501,2019,09,vehicles,vehicles_0401,,,,,,,680,
HKMDS,202010,T1005,M100501,2019,10,vehicles,vehicles_0401,,,,,,,681,
HKMDS,202010,T1005,M100501,2019,11,vehicles,vehicles_0401,,,,,,,682,
HKMDS,202010,T1005,M100501,2019,12,vehicles,vehicles_0401,,,,,,,685,
HKMDS,202010,T1005,M100501,2020,01,vehicles,vehicles_0401,,,,,,,684,
HKMDS,202010,T1005,M100501,2020,02,vehicles,vehicles_0401,,,,,,,684,
HKMDS,202010,T1005,M100501,2020,03,vehicles,vehicles_0401,,,,,,,681,
HKMDS,202010,T1005,M100501,2020,04,vehicles,vehicles_0401,,,,,,,685,
HKMDS,202010,T1005,M100501,2020,05,vehicles,vehicles_0401,,,,,,,681,
HKMDS,202010,T1005,M100501,2020,06,vehicles,vehicles_0401,,,,,,,681,
HKMDS,202010,T1005,M100501,2020,07,vehicles,vehicles_0401,,,,,,,684,
HKMDS,202010,T1005,M100501,2020,08,vehicles,vehicles_0401,,,,,,,683,
HKMDS,202010,T1005,M100502,2017,,vehicles,vehicles_0401,,,,,,,182,
HKMDS,202010,T1005,M100502,2018,,vehicles,vehicles_0401,,,,,,,69,
HKMDS,202010,T1005,M100502,2019,,vehicles,vehicles_0401,,,,,,,47,
HKMDS,202010,T1005,M100502,2019,06,vehicles,vehicles_0401,,,,,,,0,
HKMDS,202010,T1005,M100502,2019,07,vehicles,vehicles_0401,,,,,,,0,
HKMDS,202010,T1005,M100502,2019,08,vehicles,vehicles_0401,,,,,,,0,
HKMDS,202010,T1005,M100502,2019,09,vehicles,vehicles_0401,,,,,,,0,
HKMDS,202010,T1005,M100502,2019,10,vehicles,vehicles_0401,,,,,,,0,
HKMDS,202010,T1005,M100502,2019,11,vehicles,vehicles_0401,,,,,,,0,
HKMDS,202010,T1005,M100502,2019,12,vehicles,vehicles_0401,,,,,,,3,
HKMDS,202010,T1005,M100502,2020,01,vehicles,vehicles_0401,,,,,,,0,
HKMDS,202010,T1005,M100502,2020,02,vehicles,vehicles_0401,,,,,,,0,
HKMDS,202010,T1005,M100502,2020,03,vehicles,vehicles_0401,,,,,,,0,
HKMDS,202010,T1005,M100502,2020,04,vehicles,vehicles_0401,,,,,,,0,
HKMDS,202010,T1005,M100502,2020,05,vehicles,vehicles_0401,,,,,,,0,
HKMDS,202010,T1005,M100502,2020,06,vehicles,vehicles_0401,,,,,,,4,
HKMDS,202010,T1005,M100502,2020,07,vehicles,vehicles_0401,,,,,,,0,
HKMDS,202010,T1005,M100502,2020,08,vehicles,vehicles_0401,,,,,,,0,
HKMDS,202010,T1005,M100501,2017,,vehicles,vehicles_0402,,,,,,,3967,
HKMDS,202010,T1005,M100501,2018,,vehicles,vehicles_0402,,,,,,,4094,
HKMDS,202010,T1005,M100501,2019,,vehicles,vehicles_0402,,,,,,,4065,
HKMDS,202010,T1005,M100501,2019,06,vehicles,vehicles_0402,,,,,,,4055,
HKMDS,202010,T1005,M100501,2019,07,vehicles,vehicles_0402,,,,,,,4047,
HKMDS,202010,T1005,M100501,2019,08,vehicles,vehicles_0402,,,,,,,4046,
HKMDS,202010,T1005,M100501,2019,09,vehicles,vehicles_0402,,,,,,,4052,
HKMDS,202010,T1005,M100501,2019,10,vehicles,vehicles_0402,,,,,,,4037,
HKMDS,202010,T1005,M100501,2019,11,vehicles,vehicles_0402,,,,,,,4047,
HKMDS,202010,T1005,M100501,2019,12,vehicles,vehicles_0402,,,,,,,4065,
HKMDS,202010,T1005,M100501,2020,01,vehicles,vehicles_0402,,,,,,,4067,
HKMDS,202010,T1005,M100501,2020,02,vehicles,vehicles_0402,,,,,,,4059,
HKMDS,202010,T1005,M100501,2020,03,vehicles,vehicles_0402,,,,,,,4017,
HKMDS,202010,T1005,M100501,2020,04,vehicles,vehicles_0402,,,,,,,3971,
HKMDS,202010,T1005,M100501,2020,05,vehicles,vehicles_0402,,,,,,,3985,
HKMDS,202010,T1005,M100501,2020,06,vehicles,vehicles_0402,,,,,,,4048,
HKMDS,202010,T1005,M100501,2020,07,vehicles,vehicles_0402,,,,,,,4022,
HKMDS,202010,T1005,M100501,2020,08,vehicles,vehicles_0402,,,,,,,4003,
HKMDS,202010,T1005,M100502,2017,,vehicles,vehicles_0402,,,,,,,412,
HKMDS,202010,T1005,M100502,2018,,vehicles,vehicles_0402,,,,,,,470,
HKMDS,202010,T1005,M100502,2019,,vehicles,vehicles_0402,,,,,,,218,
HKMDS,202010,T1005,M100502,2019,06,vehicles,vehicles_0402,,,,,,,6,
HKMDS,202010,T1005,M100502,2019,07,vehicles,vehicles_0402,,,,,,,32,
HKMDS,202010,T1005,M100502,2019,08,vehicles,vehicles_0402,,,,,,,35,
HKMDS,202010,T1005,M100502,2019,09,vehicles,vehicles_0402,,,,,,,23,
HKMDS,202010,T1005,M100502,2019,10,vehicles,vehicles_0402,,,,,,,8,
HKMDS,202010,T1005,M100502,2019,11,vehicles,vehicles_0402,,,,,,,27,
HKMDS,202010,T1005,M100502,2019,12,vehicles,vehicles_0402,,,,,,,32,
HKMDS,202010,T1005,M100502,2020,01,vehicles,vehicles_0402,,,,,,,16,
HKMDS,202010,T1005,M100502,2020,02,vehicles,vehicles_0402,,,,,,,0,
HKMDS,202010,T1005,M100502,2020,03,vehicles,vehicles_0402,,,,,,,0,
HKMDS,202010,T1005,M100502,2020,04,vehicles,vehicles_0402,,,,,,,0,
HKMDS,202010,T1005,M100502,2020,05,vehicles,vehicles_0402,,,,,,,10,
HKMDS,202010,T1005,M100502,2020,06,vehicles,vehicles_0402,,,,,,,82,
HKMDS,202010,T1005,M100502,2020,07,vehicles,vehicles_0402,,,,,,,39,
HKMDS,202010,T1005,M100502,2020,08,vehicles,vehicles_0402,,,,,,,0,
HKMDS,202010,T1005,M100501,2017,,vehicles,vehicles_0403,,,,,,,944,
HKMDS,202010,T1005,M100501,2018,,vehicles,vehicles_0403,,,,,,,978,
HKMDS,202010,T1005,M100501,2019,,vehicles,vehicles_0403,,,,,,,992,
HKMDS,202010,T1005,M100501,2019,06,vehicles,vehicles_0403,,,,,,,978,
HKMDS,202010,T1005,M100501,2019,07,vehicles,vehicles_0403,,,,,,,982,
HKMDS,202010,T1005,M100501,2019,08,vehicles,vehicles_0403,,,,,,,982,
HKMDS,202010,T1005,M100501,2019,09,vehicles,vehicles_0403,,,,,,,975,
HKMDS,202010,T1005,M100501,2019,10,vehicles,vehicles_0403,,,,,,,993,
HKMDS,202010,T1005,M100501,2019,11,vehicles,vehicles_0403,,,,,,,994,
HKMDS,202010,T1005,M100501,2019,12,vehicles,vehicles_0403,,,,,,,992,
HKMDS,202010,T1005,M100501,2020,01,vehicles,vehicles_0403,,,,,,,999,
HKMDS,202010,T1005,M100501,2020,02,vehicles,vehicles_0403,,,,,,,983,
HKMDS,202010,T1005,M100501,2020,03,vehicles,vehicles_0403,,,,,,,1014,
HKMDS,202010,T1005,M100501,2020,04,vehicles,vehicles_0403,,,,,,,1008,
HKMDS,202010,T1005,M100501,2020,05,vehicles,vehicles_0403,,,,,,,1029,
HKMDS,202010,T1005,M100501,2020,06,vehicles,vehicles_0403,,,,,,,1017,
HKMDS,202010,T1005,M100501,2020,07,vehicles,vehicles_0403,,,,,,,1020,
HKMDS,202010,T1005,M100501,2020,08,vehicles,vehicles_0403,,,,,,,1010,
HKMDS,202010,T1005,M100502,2017,,vehicles,vehicles_0403,,,,,,,99,
HKMDS,202010,T1005,M100502,2018,,vehicles,vehicles_0403,,,,,,,54,
HKMDS,202010,T1005,M100502,2019,,vehicles,vehicles_0403,,,,,,,28,
HKMDS,202010,T1005,M100502,2019,06,vehicles,vehicles_0403,,,,,,,0,
HKMDS,202010,T1005,M100502,2019,07,vehicles,vehicles_0403,,,,,,,0,
HKMDS,202010,T1005,M100502,2019,08,vehicles,vehicles_0403,,,,,,,0,
HKMDS,202010,T1005,M100502,2019,09,vehicles,vehicles_0403,,,,,,,0,
HKMDS,202010,T1005,M100502,2019,10,vehicles,vehicles_0403,,,,,,,16,
HKMDS,202010,T1005,M100502,2019,11,vehicles,vehicles_0403,,,,,,,5,
HKMDS,202010,T1005,M100502,2019,12,vehicles,vehicles_0403,,,,,,,7,
HKMDS,202010,T1005,M100502,2020,01,vehicles,vehicles_0403,,,,,,,11,
HKMDS,202010,T1005,M100502,2020,02,vehicles,vehicles_0403,,,,,,,4,
HKMDS,202010,T1005,M100502,2020,03,vehicles,vehicles_0403,,,,,,,18,
HKMDS,202010,T1005,M100502,2020,04,vehicles,vehicles_0403,,,,,,,8,
HKMDS,202010,T1005,M100502,2020,05,vehicles,vehicles_0403,,,,,,,5,
HKMDS,202010,T1005,M100502,2020,06,vehicles,vehicles_0403,,,,,,,0,
HKMDS,202010,T1005,M100502,2020,07,vehicles,vehicles_0403,,,,,,,17,
HKMDS,202010,T1005,M100502,2020,08,vehicles,vehicles_0403,,,,,,,0,
HKMDS,202010,T1005,M100501,2017,,vehicles,vehicles_0404,,,,,,,124,
HKMDS,202010,T1005,M100501,2018,,vehicles,vehicles_0404,,,,,,,155,
HKMDS,202010,T1005,M100501,2019,,vehicles,vehicles_0404,,,,,,,156,
HKMDS,202010,T1005,M100501,2019,06,vehicles,vehicles_0404,,,,,,,156,
HKMDS,202010,T1005,M100501,2019,07,vehicles,vehicles_0404,,,,,,,156,
HKMDS,202010,T1005,M100501,2019,08,vehicles,vehicles_0404,,,,,,,156,
HKMDS,202010,T1005,M100501,2019,09,vehicles,vehicles_0404,,,,,,,156,
HKMDS,202010,T1005,M100501,2019,10,vehicles,vehicles_0404,,,,,,,156,
HKMDS,202010,T1005,M100501,2019,11,vehicles,vehicles_0404,,,,,,,156,
HKMDS,202010,T1005,M100501,2019,12,vehicles,vehicles_0404,,,,,,,156,
HKMDS,202010,T1005,M100501,2020,01,vehicles,vehicles_0404,,,,,,,155,
HKMDS,202010,T1005,M100501,2020,02,vehicles,vehicles_0404,,,,,,,155,
HKMDS,202010,T1005,M100501,2020,03,vehicles,vehicles_0404,,,,,,,155,
HKMDS,202010,T1005,M100501,2020,04,vehicles,vehicles_0404,,,,,,,152,
HKMDS,202010,T1005,M100501,2020,05,vehicles,vehicles_0404,,,,,,,150,
HKMDS,202010,T1005,M100501,2020,06,vehicles,vehicles_0404,,,,,,,150,
HKMDS,202010,T1005,M100501,2020,07,vehicles,vehicles_0404,,,,,,,150,
HKMDS,202010,T1005,M100501,2020,08,vehicles,vehicles_0404,,,,,,,150,
HKMDS,202010,T1005,M100502,2017,,vehicles,vehicles_0404,,,,,,,0,
HKMDS,202010,T1005,M100502,2018,,vehicles,vehicles_0404,,,,,,,45,
HKMDS,202010,T1005,M100502,2019,,vehicles,vehicles_0404,,,,,,,5,
HKMDS,202010,T1005,M100502,2019,06,vehicles,vehicles_0404,,,,,,,0,
HKMDS,202010,T1005,M100502,2019,07,vehicles,vehicles_0404,,,,,,,0,
HKMDS,202010,T1005,M100502,2019,08,vehicles,vehicles_0404,,,,,,,0,
HKMDS,202010,T1005,M100502,2019,09,vehicles,vehicles_0404,,,,,,,0,
HKMDS,202010,T1005,M100502,2019,10,vehicles,vehicles_0404,,,,,,,0,
HKMDS,202010,T1005,M100502,2019,11,vehicles,vehicles_0404,,,,,,,0,
HKMDS,202010,T1005,M100502,2019,12,vehicles,vehicles_0404,,,,,,,0,
HKMDS,202010,T1005,M100502,2020,01,vehicles,vehicles_0404,,,,,,,0,
HKMDS,202010,T1005,M100502,2020,02,vehicles,vehicles_0404,,,,,,,0,
HKMDS,202010,T1005,M100502,2020,03,vehicles,vehicles_0404,,,,,,,0,
HKMDS,202010,T1005,M100502,2020,04,vehicles,vehicles_0404,,,,,,,0,
HKMDS,202010,T1005,M100502,2020,05,vehicles,vehicles_0404,,,,,,,0,
HKMDS,202010,T1005,M100502,2020,06,vehicles,vehicles_0404,,,,,,,0,
HKMDS,202010,T1005,M100502,2020,07,vehicles,vehicles_0404,,,,,,,0,
HKMDS,202010,T1005,M100502,2020,08,vehicles,vehicles_0404,,,,,,,0,
HKMDS,202010,T1005,M100501,2017,,vehicles,vehicles_0405,,,,,,,245,
HKMDS,202010,T1005,M100501,2018,,vehicles,vehicles_0405,,,,,,,261,
HKMDS,202010,T1005,M100501,2019,,vehicles,vehicles_0405,,,,,,,279,
HKMDS,202010,T1005,M100501,2019,06,vehicles,vehicles_0405,,,,,,,275,
HKMDS,202010,T1005,M100501,2019,07,vehicles,vehicles_0405,,,,,,,276,
HKMDS,202010,T1005,M100501,2019,08,vehicles,vehicles_0405,,,,,,,275,
HKMDS,202010,T1005,M100501,2019,09,vehicles,vehicles_0405,,,,,,,276,
HKMDS,202010,T1005,M100501,2019,10,vehicles,vehicles_0405,,,,,,,277,
HKMDS,202010,T1005,M100501,2019,11,vehicles,vehicles_0405,,,,,,,279,
HKMDS,202010,T1005,M100501,2019,12,vehicles,vehicles_0405,,,,,,,279,
HKMDS,202010,T1005,M100501,2020,01,vehicles,vehicles_0405,,,,,,,276,
HKMDS,202010,T1005,M100501,2020,02,vehicles,vehicles_0405,,,,,,,276,
HKMDS,202010,T1005,M100501,2020,03,vehicles,vehicles_0405,,,,,,,274,
HKMDS,202010,T1005,M100501,2020,04,vehicles,vehicles_0405,,,,,,,271,
HKMDS,202010,T1005,M100501,2020,05,vehicles,vehicles_0405,,,,,,,274,
HKMDS,202010,T1005,M100501,2020,06,vehicles,vehicles_0405,,,,,,,277,
HKMDS,202010,T1005,M100501,2020,07,vehicles,vehicles_0405,,,,,,,277,
HKMDS,202010,T1005,M100501,2020,08,vehicles,vehicles_0405,,,,,,,277,
HKMDS,202010,T1005,M100502,2017,,vehicles,vehicles_0405,,,,,,,6,
HKMDS,202010,T1005,M100502,2018,,vehicles,vehicles_0405,,,,,,,15,
HKMDS,202010,T1005,M100502,2019,,vehicles,vehicles_0405,,,,,,,17,
HKMDS,202010,T1005,M100502,2019,06,vehicles,vehicles_0405,,,,,,,0,
HKMDS,202010,T1005,M100502,2019,07,vehicles,vehicles_0405,,,,,,,0,
HKMDS,202010,T1005,M100502,2019,08,vehicles,vehicles_0405,,,,,,,0,
HKMDS,202010,T1005,M100502,2019,09,vehicles,vehicles_0405,,,,,,,0,
HKMDS,202010,T1005,M100502,2019,10,vehicles,vehicles_0405,,,,,,,0,
HKMDS,202010,T1005,M100502,2019,11,vehicles,vehicles_0405,,,,,,,0,
HKMDS,202010,T1005,M100502,2019,12,vehicles,vehicles_0405,,,,,,,0,
HKMDS,202010,T1005,M100502,2020,01,vehicles,vehicles_0405,,,,,,,0,
HKMDS,202010,T1005,M100502,2020,02,vehicles,vehicles_0405,,,,,,,0,
HKMDS,202010,T1005,M100502,2020,03,vehicles,vehicles_0405,,,,,,,0,
HKMDS,202010,T1005,M100502,2020,04,vehicles,vehicles_0405,,,,,,,0,
HKMDS,202010,T1005,M100502,2020,05,vehicles,vehicles_0405,,,,,,,0,
HKMDS,202010,T1005,M100502,2020,06,vehicles,vehicles_0405,,,,,,,0,
HKMDS,202010,T1005,M100502,2020,07,vehicles,vehicles_0405,,,,,,,0,
HKMDS,202010,T1005,M100502,2020,08,vehicles,vehicles_0405,,,,,,,0,
HKMDS,202010,T1005,M100501,2017,,vehicles,vehicles_0406,,,,,,,6985,
HKMDS,202010,T1005,M100501,2018,,vehicles,vehicles_0406,,,,,,,7078,
HKMDS,202010,T1005,M100501,2019,,vehicles,vehicles_0406,,,,,,,7151,
HKMDS,202010,T1005,M100501,2019,06,vehicles,vehicles_0406,,,,,,,7117,
HKMDS,202010,T1005,M100501,2019,07,vehicles,vehicles_0406,,,,,,,7152,
HKMDS,202010,T1005,M100501,2019,08,vehicles,vehicles_0406,,,,,,,7143,
HKMDS,202010,T1005,M100501,2019,09,vehicles,vehicles_0406,,,,,,,7151,
HKMDS,202010,T1005,M100501,2019,10,vehicles,vehicles_0406,,,,,,,7149,
HKMDS,202010,T1005,M100501,2019,11,vehicles,vehicles_0406,,,,,,,7156,
HKMDS,202010,T1005,M100501,2019,12,vehicles,vehicles_0406,,,,,,,7151,
HKMDS,202010,T1005,M100501,2020,01,vehicles,vehicles_0406,,,,,,,7134,
HKMDS,202010,T1005,M100501,2020,02,vehicles,vehicles_0406,,,,,,,7114,
HKMDS,202010,T1005,M100501,2020,03,vehicles,vehicles_0406,,,,,,,7044,
HKMDS,202010,T1005,M100501,2020,04,vehicles,vehicles_0406,,,,,,,7046,
HKMDS,202010,T1005,M100501,2020,05,vehicles,vehicles_0406,,,,,,,7018,
HKMDS,202010,T1005,M100501,2020,06,vehicles,vehicles_0406,,,,,,,7027,
HKMDS,202010,T1005,M100501,2020,07,vehicles,vehicles_0406,,,,,,,7001,
HKMDS,202010,T1005,M100501,2020,08,vehicles,vehicles_0406,,,,,,,6909,
HKMDS,202010,T1005,M100502,2017,,vehicles,vehicles_0406,,,,,,,454,
HKMDS,202010,T1005,M100502,2018,,vehicles,vehicles_0406,,,,,,,434,
HKMDS,202010,T1005,M100502,2019,,vehicles,vehicles_0406,,,,,,,435,
HKMDS,202010,T1005,M100502,2019,06,vehicles,vehicles_0406,,,,,,,38,
HKMDS,202010,T1005,M100502,2019,07,vehicles,vehicles_0406,,,,,,,84,
HKMDS,202010,T1005,M100502,2019,08,vehicles,vehicles_0406,,,,,,,64,
HKMDS,202010,T1005,M100502,2019,09,vehicles,vehicles_0406,,,,,,,32,
HKMDS,202010,T1005,M100502,2019,10,vehicles,vehicles_0406,,,,,,,23,
HKMDS,202010,T1005,M100502,2019,11,vehicles,vehicles_0406,,,,,,,16,
HKMDS,202010,T1005,M100502,2019,12,vehicles,vehicles_0406,,,,,,,23,
HKMDS,202010,T1005,M100502,2020,01,vehicles,vehicles_0406,,,,,,,13,
HKMDS,202010,T1005,M100502,2020,02,vehicles,vehicles_0406,,,,,,,6,
HKMDS,202010,T1005,M100502,2020,03,vehicles,vehicles_0406,,,,,,,2,
HKMDS,202010,T1005,M100502,2020,04,vehicles,vehicles_0406,,,,,,,8,
HKMDS,202010,T1005,M100502,2020,05,vehicles,vehicles_0406,,,,,,,18,
HKMDS,202010,T1005,M100502,2020,06,vehicles,vehicles_0406,,,,,,,12,
HKMDS,202010,T1005,M100502,2020,07,vehicles,vehicles_0406,,,,,,,21,
HKMDS,202010,T1005,M100502,2020,08,vehicles,vehicles_0406,,,,,,,16,
HKMDS,202010,T1005,M100501,2017,,vehicles,vehicles_04tt,,,,,,,12967,
HKMDS,202010,T1005,M100501,2018,,vehicles,vehicles_04tt,,,,,,,13229,
HKMDS,202010,T1005,M100501,2019,,vehicles,vehicles_04tt,,,,,,,13328,
HKMDS,202010,T1005,M100501,2019,06,vehicles,vehicles_04tt,,,,,,,13271,
HKMDS,202010,T1005,M100501,2019,07,vehicles,vehicles_04tt,,,,,,,13303,
HKMDS,202010,T1005,M100501,2019,08,vehicles,vehicles_04tt,,,,,,,13287,
HKMDS,202010,T1005,M100501,2019,09,vehicles,vehicles_04tt,,,,,,,13290,
HKMDS,202010,T1005,M100501,2019,10,vehicles,vehicles_04tt,,,,,,,13293,
HKMDS,202010,T1005,M100501,2019,11,vehicles,vehicles_04tt,,,,,,,13314,
HKMDS,202010,T1005,M100501,2019,12,vehicles,vehicles_04tt,,,,,,,13328,
HKMDS,202010,T1005,M100501,2020,01,vehicles,vehicles_04tt,,,,,,,13315,
HKMDS,202010,T1005,M100501,2020,02,vehicles,vehicles_04tt,,,,,,,13271,
HKMDS,202010,T1005,M100501,2020,03,vehicles,vehicles_04tt,,,,,,,13185,
HKMDS,202010,T1005,M100501,2020,04,vehicles,vehicles_04tt,,,,,,,13133,
HKMDS,202010,T1005,M100501,2020,05,vehicles,vehicles_04tt,,,,,,,13137,
HKMDS,202010,T1005,M100501,2020,06,vehicles,vehicles_04tt,,,,,,,13200,
HKMDS,202010,T1005,M100501,2020,07,vehicles,vehicles_04tt,,,,,,,13154,
HKMDS,202010,T1005,M100501,2020,08,vehicles,vehicles_04tt,,,,,,,13032,
HKMDS,202010,T1005,M100502,2017,,vehicles,vehicles_04tt,,,,,,,1153,
HKMDS,202010,T1005,M100502,2018,,vehicles,vehicles_04tt,,,,,,,1087,
HKMDS,202010,T1005,M100502,2019,,vehicles,vehicles_04tt,,,,,,,750,
HKMDS,202010,T1005,M100502,2019,06,vehicles,vehicles_04tt,,,,,,,44,
HKMDS,202010,T1005,M100502,2019,07,vehicles,vehicles_04tt,,,,,,,116,
HKMDS,202010,T1005,M100502,2019,08,vehicles,vehicles_04tt,,,,,,,99,
HKMDS,202010,T1005,M100502,2019,09,vehicles,vehicles_04tt,,,,,,,55,
HKMDS,202010,T1005,M100502,2019,10,vehicles,vehicles_04tt,,,,,,,47,
HKMDS,202010,T1005,M100502,2019,11,vehicles,vehicles_04tt,,,,,,,48,
HKMDS,202010,T1005,M100502,2019,12,vehicles,vehicles_04tt,,,,,,,65,
HKMDS,202010,T1005,M100502,2020,01,vehicles,vehicles_04tt,,,,,,,40,
HKMDS,202010,T1005,M100502,2020,02,vehicles,vehicles_04tt,,,,,,,10,
HKMDS,202010,T1005,M100502,2020,03,vehicles,vehicles_04tt,,,,,,,20,
HKMDS,202010,T1005,M100502,2020,04,vehicles,vehicles_04tt,,,,,,,16,
HKMDS,202010,T1005,M100502,2020,05,vehicles,vehicles_04tt,,,,,,,33,
HKMDS,202010,T1005,M100502,2020,06,vehicles,vehicles_04tt,,,,,,,98,
HKMDS,202010,T1005,M100502,2020,07,vehicles,vehicles_04tt,,,,,,,77,
HKMDS,202010,T1005,M100502,2020,08,vehicles,vehicles_04tt,,,,,,,16,
HKMDS,202010,T1005,M100501,2017,,vehicles,vehicles_05,,,,,,,676,
HKMDS,202010,T1005,M100501,2018,,vehicles,vehicles_05,,,,,,,694,
HKMDS,202010,T1005,M100501,2019,,vehicles,vehicles_05,,,,,,,729,
HKMDS,202010,T1005,M100501,2019,06,vehicles,vehicles_05,,,,,,,711,
HKMDS,202010,T1005,M100501,2019,07,vehicles,vehicles_05,,,,,,,707,
HKMDS,202010,T1005,M100501,2019,08,vehicles,vehicles_05,,,,,,,716,
HKMDS,202010,T1005,M100501,2019,09,vehicles,vehicles_05,,,,,,,725,
HKMDS,202010,T1005,M100501,2019,10,vehicles,vehicles_05,,,,,,,724,
HKMDS,202010,T1005,M100501,2019,11,vehicles,vehicles_05,,,,,,,725,
HKMDS,202010,T1005,M100501,2019,12,vehicles,vehicles_05,,,,,,,729,
HKMDS,202010,T1005,M100501,2020,01,vehicles,vehicles_05,,,,,,,739,
HKMDS,202010,T1005,M100501,2020,02,vehicles,vehicles_05,,,,,,,734,
HKMDS,202010,T1005,M100501,2020,03,vehicles,vehicles_05,,,,,,,731,
HKMDS,202010,T1005,M100501,2020,04,vehicles,vehicles_05,,,,,,,733,
HKMDS,202010,T1005,M100501,2020,05,vehicles,vehicles_05,,,,,,,733,
HKMDS,202010,T1005,M100501,2020,06,vehicles,vehicles_05,,,,,,,731,
HKMDS,202010,T1005,M100501,2020,07,vehicles,vehicles_05,,,,,,,734,
HKMDS,202010,T1005,M100501,2020,08,vehicles,vehicles_05,,,,,,,726,
HKMDS,202010,T1005,M100502,2017,,vehicles,vehicles_05,,,,,,,68,
HKMDS,202010,T1005,M100502,2018,,vehicles,vehicles_05,,,,,,,45,
HKMDS,202010,T1005,M100502,2019,,vehicles,vehicles_05,,,,,,,64,
HKMDS,202010,T1005,M100502,2019,06,vehicles,vehicles_05,,,,,,,0,
HKMDS,202010,T1005,M100502,2019,07,vehicles,vehicles_05,,,,,,,1,
HKMDS,202010,T1005,M100502,2019,08,vehicles,vehicles_05,,,,,,,10,
HKMDS,202010,T1005,M100502,2019,09,vehicles,vehicles_05,,,,,,,5,
HKMDS,202010,T1005,M100502,2019,10,vehicles,vehicles_05,,,,,,,2,
HKMDS,202010,T1005,M100502,2019,11,vehicles,vehicles_05,,,,,,,2,
HKMDS,202010,T1005,M100502,2019,12,vehicles,vehicles_05,,,,,,,10,
HKMDS,202010,T1005,M100502,2020,01,vehicles,vehicles_05,,,,,,,13,
HKMDS,202010,T1005,M100502,2020,02,vehicles,vehicles_05,,,,,,,4,
HKMDS,202010,T1005,M100502,2020,03,vehicles,vehicles_05,,,,,,,2,
HKMDS,202010,T1005,M100502,2020,04,vehicles,vehicles_05,,,,,,,0,
HKMDS,202010,T1005,M100502,2020,05,vehicles,vehicles_05,,,,,,,2,
HKMDS,202010,T1005,M100502,2020,06,vehicles,vehicles_05,,,,,,,2,
HKMDS,202010,T1005,M100502,2020,07,vehicles,vehicles_05,,,,,,,2,
HKMDS,202010,T1005,M100502,2020,08,vehicles,vehicles_05,,,,,,,1,
HKMDS,202010,T1005,M100501,2017,,vehicles,vehicles_06,,,,,,,4338,
HKMDS,202010,T1005,M100501,2018,,vehicles,vehicles_06,,,,,,,4323,
HKMDS,202010,T1005,M100501,2019,,vehicles,vehicles_06,,,,,,,4315,
HKMDS,202010,T1005,M100501,2019,06,vehicles,vehicles_06,,,,,,,4328,
HKMDS,202010,T1005,M100501,2019,07,vehicles,vehicles_06,,,,,,,4327,
HKMDS,202010,T1005,M100501,2019,08,vehicles,vehicles_06,,,,,,,4326,
HKMDS,202010,T1005,M100501,2019,09,vehicles,vehicles_06,,,,,,,4327,
HKMDS,202010,T1005,M100501,2019,10,vehicles,vehicles_06,,,,,,,4322,
HKMDS,202010,T1005,M100501,2019,11,vehicles,vehicles_06,,,,,,,4320,
HKMDS,202010,T1005,M100501,2019,12,vehicles,vehicles_06,,,,,,,4315,
HKMDS,202010,T1005,M100501,2020,01,vehicles,vehicles_06,,,,,,,4322,
HKMDS,202010,T1005,M100501,2020,02,vehicles,vehicles_06,,,,,,,4308,
HKMDS,202010,T1005,M100501,2020,03,vehicles,vehicles_06,,,,,,,4290,
HKMDS,202010,T1005,M100501,2020,04,vehicles,vehicles_06,,,,,,,4281,
HKMDS,202010,T1005,M100501,2020,05,vehicles,vehicles_06,,,,,,,4277,
HKMDS,202010,T1005,M100501,2020,06,vehicles,vehicles_06,,,,,,,4305,
HKMDS,202010,T1005,M100501,2020,07,vehicles,vehicles_06,,,,,,,4297,
HKMDS,202010,T1005,M100501,2020,08,vehicles,vehicles_06,,,,,,,4289,
HKMDS,202010,T1005,M100502,2017,,vehicles,vehicles_06,,,,,,,222,
HKMDS,202010,T1005,M100502,2018,,vehicles,vehicles_06,,,,,,,496,
HKMDS,202010,T1005,M100502,2019,,vehicles,vehicles_06,,,,,,,481,
HKMDS,202010,T1005,M100502,2019,06,vehicles,vehicles_06,,,,,,,43,
HKMDS,202010,T1005,M100502,2019,07,vehicles,vehicles_06,,,,,,,48,
HKMDS,202010,T1005,M100502,2019,08,vehicles,vehicles_06,,,,,,,38,
HKMDS,202010,T1005,M100502,2019,09,vehicles,vehicles_06,,,,,,,24,
HKMDS,202010,T1005,M100502,2019,10,vehicles,vehicles_06,,,,,,,43,
HKMDS,202010,T1005,M100502,2019,11,vehicles,vehicles_06,,,,,,,30,
HKMDS,202010,T1005,M100502,2019,12,vehicles,vehicles_06,,,,,,,38,
HKMDS,202010,T1005,M100502,2020,01,vehicles,vehicles_06,,,,,,,21,
HKMDS,202010,T1005,M100502,2020,02,vehicles,vehicles_06,,,,,,,18,
HKMDS,202010,T1005,M100502,2020,03,vehicles,vehicles_06,,,,,,,9,
HKMDS,202010,T1005,M100502,2020,04,vehicles,vehicles_06,,,,,,,8,
HKMDS,202010,T1005,M100502,2020,05,vehicles,vehicles_06,,,,,,,11,
HKMDS,202010,T1005,M100502,2020,06,vehicles,vehicles_06,,,,,,,34,
HKMDS,202010,T1005,M100502,2020,07,vehicles,vehicles_06,,,,,,,9,
HKMDS,202010,T1005,M100502,2020,08,vehicles,vehicles_06,,,,,,,5,
HKMDS,202010,T1005,M100501,2017,,vehicles,vehicles_07,,,,,,,3070,
HKMDS,202010,T1005,M100501,2018,,vehicles,vehicles_07,,,,,,,3346,
HKMDS,202010,T1005,M100501,2019,,vehicles,vehicles_07,,,,,,,3457,
HKMDS,202010,T1005,M100501,2019,06,vehicles,vehicles_07,,,,,,,3379,
HKMDS,202010,T1005,M100501,2019,07,vehicles,vehicles_07,,,,,,,3371,
HKMDS,202010,T1005,M100501,2019,08,vehicles,vehicles_07,,,,,,,3445,
HKMDS,202010,T1005,M100501,2019,09,vehicles,vehicles_07,,,,,,,3460,
HKMDS,202010,T1005,M100501,2019,10,vehicles,vehicles_07,,,,,,,3462,
HKMDS,202010,T1005,M100501,2019,11,vehicles,vehicles_07,,,,,,,3461,
HKMDS,202010,T1005,M100501,2019,12,vehicles,vehicles_07,,,,,,,3457,
HKMDS,202010,T1005,M100501,2020,01,vehicles,vehicles_07,,,,,,,3464,
HKMDS,202010,T1005,M100501,2020,02,vehicles,vehicles_07,,,,,,,3449,
HKMDS,202010,T1005,M100501,2020,03,vehicles,vehicles_07,,,,,,,3447,
HKMDS,202010,T1005,M100501,2020,04,vehicles,vehicles_07,,,,,,,3458,
HKMDS,202010,T1005,M100501,2020,05,vehicles,vehicles_07,,,,,,,3480,
HKMDS,202010,T1005,M100501,2020,06,vehicles,vehicles_07,,,,,,,3485,
HKMDS,202010,T1005,M100501,2020,07,vehicles,vehicles_07,,,,,,,3498,
HKMDS,202010,T1005,M100501,2020,08,vehicles,vehicles_07,,,,,,,3446,
HKMDS,202010,T1005,M100502,2017,,vehicles,vehicles_07,,,,,,,268,
HKMDS,202010,T1005,M100502,2018,,vehicles,vehicles_07,,,,,,,402,
HKMDS,202010,T1005,M100502,2019,,vehicles,vehicles_07,,,,,,,269,
HKMDS,202010,T1005,M100502,2019,06,vehicles,vehicles_07,,,,,,,13,
HKMDS,202010,T1005,M100502,2019,07,vehicles,vehicles_07,,,,,,,26,
HKMDS,202010,T1005,M100502,2019,08,vehicles,vehicles_07,,,,,,,92,
HKMDS,202010,T1005,M100502,2019,09,vehicles,vehicles_07,,,,,,,11,
HKMDS,202010,T1005,M100502,2019,10,vehicles,vehicles_07,,,,,,,10,
HKMDS,202010,T1005,M100502,2019,11,vehicles,vehicles_07,,,,,,,8,
HKMDS,202010,T1005,M100502,2019,12,vehicles,vehicles_07,,,,,,,18,
HKMDS,202010,T1005,M100502,2020,01,vehicles,vehicles_07,,,,,,,19,
HKMDS,202010,T1005,M100502,2020,02,vehicles,vehicles_07,,,,,,,11,
HKMDS,202010,T1005,M100502,2020,03,vehicles,vehicles_07,,,,,,,6,
HKMDS,202010,T1005,M100502,2020,04,vehicles,vehicles_07,,,,,,,15,
HKMDS,202010,T1005,M100502,2020,05,vehicles,vehicles_07,,,,,,,13,
HKMDS,202010,T1005,M100502,2020,06,vehicles,vehicles_07,,,,,,,10,
HKMDS,202010,T1005,M100502,2020,07,vehicles,vehicles_07,,,,,,,13,
HKMDS,202010,T1005,M100502,2020,08,vehicles,vehicles_07,,,,,,,13,
HKMDS,202010,T1005,M100501,2017,,vehicles,vehicles_0801,,,,,,,70782,
HKMDS,202010,T1005,M100501,2018,,vehicles,vehicles_0801,,,,,,,72704,
HKMDS,202010,T1005,M100501,2019,,vehicles,vehicles_0801,,,,,,,71610,
HKMDS,202010,T1005,M100501,2019,06,vehicles,vehicles_0801,,,,,,,72525,
HKMDS,202010,T1005,M100501,2019,07,vehicles,vehicles_0801,,,,,,,72445,
HKMDS,202010,T1005,M100501,2019,08,vehicles,vehicles_0801,,,,,,,72469,
HKMDS,202010,T1005,M100501,2019,09,vehicles,vehicles_0801,,,,,,,72358,
HKMDS,202010,T1005,M100501,2019,10,vehicles,vehicles_0801,,,,,,,72114,
HKMDS,202010,T1005,M100501,2019,11,vehicles,vehicles_0801,,,,,,,71840,
HKMDS,202010,T1005,M100501,2019,12,vehicles,vehicles_0801,,,,,,,71610,
HKMDS,202010,T1005,M100501,2020,01,vehicles,vehicles_0801,,,,,,,71667,
HKMDS,202010,T1005,M100501,2020,02,vehicles,vehicles_0801,,,,,,,71348,
HKMDS,202010,T1005,M100501,2020,03,vehicles,vehicles_0801,,,,,,,71318,
HKMDS,202010,T1005,M100501,2020,04,vehicles,vehicles_0801,,,,,,,72224,
HKMDS,202010,T1005,M100501,2020,05,vehicles,vehicles_0801,,,,,,,72964,
HKMDS,202010,T1005,M100501,2020,06,vehicles,vehicles_0801,,,,,,,73293,
HKMDS,202010,T1005,M100501,2020,07,vehicles,vehicles_0801,,,,,,,73770,
HKMDS,202010,T1005,M100501,2020,08,vehicles,vehicles_0801,,,,,,,74137,
HKMDS,202010,T1005,M100502,2017,,vehicles,vehicles_0801,,,,,,,4608,
HKMDS,202010,T1005,M100502,2018,,vehicles,vehicles_0801,,,,,,,4543,
HKMDS,202010,T1005,M100502,2019,,vehicles,vehicles_0801,,,,,,,6494,
HKMDS,202010,T1005,M100502,2019,06,vehicles,vehicles_0801,,,,,,,498,
HKMDS,202010,T1005,M100502,2019,07,vehicles,vehicles_0801,,,,,,,589,
HKMDS,202010,T1005,M100502,2019,08,vehicles,vehicles_0801,,,,,,,714,
HKMDS,202010,T1005,M100502,2019,09,vehicles,vehicles_0801,,,,,,,606,
HKMDS,202010,T1005,M100502,2019,10,vehicles,vehicles_0801,,,,,,,537,
HKMDS,202010,T1005,M100502,2019,11,vehicles,vehicles_0801,,,,,,,483,
HKMDS,202010,T1005,M100502,2019,12,vehicles,vehicles_0801,,,,,,,472,
HKMDS,202010,T1005,M100502,2020,01,vehicles,vehicles_0801,,,,,,,342,
HKMDS,202010,T1005,M100502,2020,02,vehicles,vehicles_0801,,,,,,,192,
HKMDS,202010,T1005,M100502,2020,03,vehicles,vehicles_0801,,,,,,,288,
HKMDS,202010,T1005,M100502,2020,04,vehicles,vehicles_0801,,,,,,,247,
HKMDS,202010,T1005,M100502,2020,05,vehicles,vehicles_0801,,,,,,,336,
HKMDS,202010,T1005,M100502,2020,06,vehicles,vehicles_0801,,,,,,,408,
HKMDS,202010,T1005,M100502,2020,07,vehicles,vehicles_0801,,,,,,,524,
HKMDS,202010,T1005,M100502,2020,08,vehicles,vehicles_0801,,,,,,,579,
HKMDS,202010,T1005,M100501,2017,,vehicles,vehicles_0802,,,,,,,36156,
HKMDS,202010,T1005,M100501,2018,,vehicles,vehicles_0802,,,,,,,36702,
HKMDS,202010,T1005,M100501,2019,,vehicles,vehicles_0802,,,,,,,35322,
HKMDS,202010,T1005,M100501,2019,06,vehicles,vehicles_0802,,,,,,,36230,
HKMDS,202010,T1005,M100501,2019,07,vehicles,vehicles_0802,,,,,,,36105,
HKMDS,202010,T1005,M100501,2019,08,vehicles,vehicles_0802,,,,,,,35915,
HKMDS,202010,T1005,M100501,2019,09,vehicles,vehicles_0802,,,,,,,35801,
HKMDS,202010,T1005,M100501,2019,10,vehicles,vehicles_0802,,,,,,,35703,
HKMDS,202010,T1005,M100501,2019,11,vehicles,vehicles_0802,,,,,,,35561,
HKMDS,202010,T1005,M100501,2019,12,vehicles,vehicles_0802,,,,,,,35322,
HKMDS,202010,T1005,M100501,2020,01,vehicles,vehicles_0802,,,,,,,35278,
HKMDS,202010,T1005,M100501,2020,02,vehicles,vehicles_0802,,,,,,,35179,
HKMDS,202010,T1005,M100501,2020,03,vehicles,vehicles_0802,,,,,,,35095,
HKMDS,202010,T1005,M100501,2020,04,vehicles,vehicles_0802,,,,,,,35512,
HKMDS,202010,T1005,M100501,2020,05,vehicles,vehicles_0802,,,,,,,35635,
HKMDS,202010,T1005,M100501,2020,06,vehicles,vehicles_0802,,,,,,,35663,
HKMDS,202010,T1005,M100501,2020,07,vehicles,vehicles_0802,,,,,,,35777,
HKMDS,202010,T1005,M100501,2020,08,vehicles,vehicles_0802,,,,,,,35799,
HKMDS,202010,T1005,M100502,2017,,vehicles,vehicles_0802,,,,,,,557,
HKMDS,202010,T1005,M100502,2018,,vehicles,vehicles_0802,,,,,,,357,
HKMDS,202010,T1005,M100502,2019,,vehicles,vehicles_0802,,,,,,,2062,
HKMDS,202010,T1005,M100502,2019,06,vehicles,vehicles_0802,,,,,,,200,
HKMDS,202010,T1005,M100502,2019,07,vehicles,vehicles_0802,,,,,,,184,
HKMDS,202010,T1005,M100502,2019,08,vehicles,vehicles_0802,,,,,,,169,
HKMDS,202010,T1005,M100502,2019,09,vehicles,vehicles_0802,,,,,,,203,
HKMDS,202010,T1005,M100502,2019,10,vehicles,vehicles_0802,,,,,,,191,
HKMDS,202010,T1005,M100502,2019,11,vehicles,vehicles_0802,,,,,,,163,
HKMDS,202010,T1005,M100502,2019,12,vehicles,vehicles_0802,,,,,,,154,
HKMDS,202010,T1005,M100502,2020,01,vehicles,vehicles_0802,,,,,,,71,
HKMDS,202010,T1005,M100502,2020,02,vehicles,vehicles_0802,,,,,,,59,
HKMDS,202010,T1005,M100502,2020,03,vehicles,vehicles_0802,,,,,,,84,
HKMDS,202010,T1005,M100502,2020,04,vehicles,vehicles_0802,,,,,,,75,
HKMDS,202010,T1005,M100502,2020,05,vehicles,vehicles_0802,,,,,,,61,
HKMDS,202010,T1005,M100502,2020,06,vehicles,vehicles_0802,,,,,,,109,
HKMDS,202010,T1005,M100502,2020,07,vehicles,vehicles_0802,,,,,,,114,
HKMDS,202010,T1005,M100502,2020,08,vehicles,vehicles_0802,,,,,,,58,
HKMDS,202010,T1005,M100501,2017,,vehicles,vehicles_0803,,,,,,,6042,
HKMDS,202010,T1005,M100501,2018,,vehicles,vehicles_0803,,,,,,,6398,
HKMDS,202010,T1005,M100501,2019,,vehicles,vehicles_0803,,,,,,,6393,
HKMDS,202010,T1005,M100501,2019,06,vehicles,vehicles_0803,,,,,,,6427,
HKMDS,202010,T1005,M100501,2019,07,vehicles,vehicles_0803,,,,,,,6439,
HKMDS,202010,T1005,M100501,2019,08,vehicles,vehicles_0803,,,,,,,6432,
HKMDS,202010,T1005,M100501,2019,09,vehicles,vehicles_0803,,,,,,,6412,
HKMDS,202010,T1005,M100501,2019,10,vehicles,vehicles_0803,,,,,,,6406,
HKMDS,202010,T1005,M100501,2019,11,vehicles,vehicles_0803,,,,,,,6398,
HKMDS,202010,T1005,M100501,2019,12,vehicles,vehicles_0803,,,,,,,6393,
HKMDS,202010,T1005,M100501,2020,01,vehicles,vehicles_0803,,,,,,,6377,
HKMDS,202010,T1005,M100501,2020,02,vehicles,vehicles_0803,,,,,,,6335,
HKMDS,202010,T1005,M100501,2020,03,vehicles,vehicles_0803,,,,,,,6362,
HKMDS,202010,T1005,M100501,2020,04,vehicles,vehicles_0803,,,,,,,6423,
HKMDS,202010,T1005,M100501,2020,05,vehicles,vehicles_0803,,,,,,,6468,
HKMDS,202010,T1005,M100501,2020,06,vehicles,vehicles_0803,,,,,,,6487,
HKMDS,202010,T1005,M100501,2020,07,vehicles,vehicles_0803,,,,,,,6513,
HKMDS,202010,T1005,M100501,2020,08,vehicles,vehicles_0803,,,,,,,6542,
HKMDS,202010,T1005,M100502,2017,,vehicles,vehicles_0803,,,,,,,6,
HKMDS,202010,T1005,M100502,2018,,vehicles,vehicles_0803,,,,,,,2,
HKMDS,202010,T1005,M100502,2019,,vehicles,vehicles_0803,,,,,,,218,
HKMDS,202010,T1005,M100502,2019,06,vehicles,vehicles_0803,,,,,,,19,
HKMDS,202010,T1005,M100502,2019,07,vehicles,vehicles_0803,,,,,,,24,
HKMDS,202010,T1005,M100502,2019,08,vehicles,vehicles_0803,,,,,,,27,
HKMDS,202010,T1005,M100502,2019,09,vehicles,vehicles_0803,,,,,,,16,
HKMDS,202010,T1005,M100502,2019,10,vehicles,vehicles_0803,,,,,,,19,
HKMDS,202010,T1005,M100502,2019,11,vehicles,vehicles_0803,,,,,,,15,
HKMDS,202010,T1005,M100502,2019,12,vehicles,vehicles_0803,,,,,,,11,
HKMDS,202010,T1005,M100502,2020,01,vehicles,vehicles_0803,,,,,,,15,
HKMDS,202010,T1005,M100502,2020,02,vehicles,vehicles_0803,,,,,,,10,
HKMDS,202010,T1005,M100502,2020,03,vehicles,vehicles_0803,,,,,,,14,
HKMDS,202010,T1005,M100502,2020,04,vehicles,vehicles_0803,,,,,,,22,
HKMDS,202010,T1005,M100502,2020,05,vehicles,vehicles_0803,,,,,,,21,
HKMDS,202010,T1005,M100502,2020,06,vehicles,vehicles_0803,,,,,,,21,
HKMDS,202010,T1005,M100502,2020,07,vehicles,vehicles_0803,,,,,,,14,
HKMDS,202010,T1005,M100502,2020,08,vehicles,vehicles_0803,,,,,,,16,
HKMDS,202010,T1005,M100501,2017,,vehicles,vehicles_08tt,,,,,,,112980,
HKMDS,202010,T1005,M100501,2018,,vehicles,vehicles_08tt,,,,,,,115804,
HKMDS,202010,T1005,M100501,2019,,vehicles,vehicles_08tt,,,,,,,113325,
HKMDS,202010,T1005,M100501,2019,06,vehicles,vehicles_08tt,,,,,,,115182,
HKMDS,202010,T1005,M100501,2019,07,vehicles,vehicles_08tt,,,,,,,114989,
HKMDS,202010,T1005,M100501,2019,08,vehicles,vehicles_08tt,,,,,,,114816,
HKMDS,202010,T1005,M100501,2019,09,vehicles,vehicles_08tt,,,,,,,114571,
HKMDS,202010,T1005,M100501,2019,10,vehicles,vehicles_08tt,,,,,,,114223,
HKMDS,202010,T1005,M100501,2019,11,vehicles,vehicles_08tt,,,,,,,113799,
HKMDS,202010,T1005,M100501,2019,12,vehicles,vehicles_08tt,,,,,,,113325,
HKMDS,202010,T1005,M100501,2020,01,vehicles,vehicles_08tt,,,,,,,113322,
HKMDS,202010,T1005,M100501,2020,02,vehicles,vehicles_08tt,,,,,,,112862,
HKMDS,202010,T1005,M100501,2020,03,vehicles,vehicles_08tt,,,,,,,112775,
HKMDS,202010,T1005,M100501,2020,04,vehicles,vehicles_08tt,,,,,,,114159,
HKMDS,202010,T1005,M100501,2020,05,vehicles,vehicles_08tt,,,,,,,115067,
HKMDS,202010,T1005,M100501,2020,06,vehicles,vehicles_08tt,,,,,,,115443,
HKMDS,202010,T1005,M100501,2020,07,vehicles,vehicles_08tt,,,,,,,116060,
HKMDS,202010,T1005,M100501,2020,08,vehicles,vehicles_08tt,,,,,,,116478,
HKMDS,202010,T1005,M100502,2017,,vehicles,vehicles_08tt,,,,,,,5171,
HKMDS,202010,T1005,M100502,2018,,vehicles,vehicles_08tt,,,,,,,4902,
HKMDS,202010,T1005,M100502,2019,,vehicles,vehicles_08tt,,,,,,,8774,
HKMDS,202010,T1005,M100502,2019,06,vehicles,vehicles_08tt,,,,,,,717,
HKMDS,202010,T1005,M100502,2019,07,vehicles,vehicles_08tt,,,,,,,797,
HKMDS,202010,T1005,M100502,2019,08,vehicles,vehicles_08tt,,,,,,,910,
HKMDS,202010,T1005,M100502,2019,09,vehicles,vehicles_08tt,,,,,,,825,
HKMDS,202010,T1005,M100502,2019,10,vehicles,vehicles_08tt,,,,,,,747,
HKMDS,202010,T1005,M100502,2019,11,vehicles,vehicles_08tt,,,,,,,661,
HKMDS,202010,T1005,M100502,2019,12,vehicles,vehicles_08tt,,,,,,,637,
HKMDS,202010,T1005,M100502,2020,01,vehicles,vehicles_08tt,,,,,,,428,
HKMDS,202010,T1005,M100502,2020,02,vehicles,vehicles_08tt,,,,,,,261,
HKMDS,202010,T1005,M100502,2020,03,vehicles,vehicles_08tt,,,,,,,386,
HKMDS,202010,T1005,M100502,2020,04,vehicles,vehicles_08tt,,,,,,,344,
HKMDS,202010,T1005,M100502,2020,05,vehicles,vehicles_08tt,,,,,,,418,
HKMDS,202010,T1005,M100502,2020,06,vehicles,vehicles_08tt,,,,,,,538,
HKMDS,202010,T1005,M100502,2020,07,vehicles,vehicles_08tt,,,,,,,652,
HKMDS,202010,T1005,M100502,2020,08,vehicles,vehicles_08tt,,,,,,,653,
HKMDS,202010,T1005,M100501,2017,,vehicles,vehicles_09,,,,,,,1683,
HKMDS,202010,T1005,M100501,2018,,vehicles,vehicles_09,,,,,,,1763,
HKMDS,202010,T1005,M100501,2019,,vehicles,vehicles_09,,,,,,,1828,
HKMDS,202010,T1005,M100501,2019,06,vehicles,vehicles_09,,,,,,,1815,
HKMDS,202010,T1005,M100501,2019,07,vehicles,vehicles_09,,,,,,,1812,
HKMDS,202010,T1005,M100501,2019,08,vehicles,vehicles_09,,,,,,,1826,
HKMDS,202010,T1005,M100501,2019,09,vehicles,vehicles_09,,,,,,,1824,
HKMDS,202010,T1005,M100501,2019,10,vehicles,vehicles_09,,,,,,,1817,
HKMDS,202010,T1005,M100501,2019,11,vehicles,vehicles_09,,,,,,,1813,
HKMDS,202010,T1005,M100501,2019,12,vehicles,vehicles_09,,,,,,,1828,
HKMDS,202010,T1005,M100501,2020,01,vehicles,vehicles_09,,,,,,,1816,
HKMDS,202010,T1005,M100501,2020,02,vehicles,vehicles_09,,,,,,,1823,
HKMDS,202010,T1005,M100501,2020,03,vehicles,vehicles_09,,,,,,,1824,
HKMDS,202010,T1005,M100501,2020,04,vehicles,vehicles_09,,,,,,,1834,
HKMDS,202010,T1005,M100501,2020,05,vehicles,vehicles_09,,,,,,,1835,
HKMDS,202010,T1005,M100501,2020,06,vehicles,vehicles_09,,,,,,,1844,
HKMDS,202010,T1005,M100501,2020,07,vehicles,vehicles_09,,,,,,,1853,
HKMDS,202010,T1005,M100501,2020,08,vehicles,vehicles_09,,,,,,,1838,
HKMDS,202010,T1005,M100502,2017,,vehicles,vehicles_09,,,,,,,66,
HKMDS,202010,T1005,M100502,2018,,vehicles,vehicles_09,,,,,,,142,
HKMDS,202010,T1005,M100502,2019,,vehicles,vehicles_09,,,,,,,146,
HKMDS,202010,T1005,M100502,2019,06,vehicles,vehicles_09,,,,,,,7,
HKMDS,202010,T1005,M100502,2019,07,vehicles,vehicles_09,,,,,,,13,
HKMDS,202010,T1005,M100502,2019,08,vehicles,vehicles_09,,,,,,,15,
HKMDS,202010,T1005,M100502,2019,09,vehicles,vehicles_09,,,,,,,8,
HKMDS,202010,T1005,M100502,2019,10,vehicles,vehicles_09,,,,,,,4,
HKMDS,202010,T1005,M100502,2019,11,vehicles,vehicles_09,,,,,,,8,
HKMDS,202010,T1005,M100502,2019,12,vehicles,vehicles_09,,,,,,,25,
HKMDS,202010,T1005,M100502,2020,01,vehicles,vehicles_09,,,,,,,14,
HKMDS,202010,T1005,M100502,2020,02,vehicles,vehicles_09,,,,,,,11,
HKMDS,202010,T1005,M100502,2020,03,vehicles,vehicles_09,,,,,,,19,
HKMDS,202010,T1005,M100502,2020,04,vehicles,vehicles_09,,,,,,,13,
HKMDS,202010,T1005,M100502,2020,05,vehicles,vehicles_09,,,,,,,4,
HKMDS,202010,T1005,M100502,2020,06,vehicles,vehicles_09,,,,,,,7,
HKMDS,202010,T1005,M100502,2020,07,vehicles,vehicles_09,,,,,,,7,
HKMDS,202010,T1005,M100502,2020,08,vehicles,vehicles_09,,,,,,,5,
HKMDS,202010,T1005,M100501,2017,,vehicles,vehicles_1001,,,,,,,715,
HKMDS,202010,T1005,M100501,2018,,vehicles,vehicles_1001,,,,,,,658,
HKMDS,202010,T1005,M100501,2019,,vehicles,vehicles_1001,,,,,,,615,
HKMDS,202010,T1005,M100501,2019,06,vehicles,vehicles_1001,,,,,,,625,
HKMDS,202010,T1005,M100501,2019,07,vehicles,vehicles_1001,,,,,,,624,
HKMDS,202010,T1005,M100501,2019,08,vehicles,vehicles_1001,,,,,,,621,
HKMDS,202010,T1005,M100501,2019,09,vehicles,vehicles_1001,,,,,,,616,
HKMDS,202010,T1005,M100501,2019,10,vehicles,vehicles_1001,,,,,,,615,
HKMDS,202010,T1005,M100501,2019,11,vehicles,vehicles_1001,,,,,,,615,
HKMDS,202010,T1005,M100501,2019,12,vehicles,vehicles_1001,,,,,,,615,
HKMDS,202010,T1005,M100501,2020,01,vehicles,vehicles_1001,,,,,,,614,
HKMDS,202010,T1005,M100501,2020,02,vehicles,vehicles_1001,,,,,,,613,
HKMDS,202010,T1005,M100501,2020,03,vehicles,vehicles_1001,,,,,,,610,
HKMDS,202010,T1005,M100501,2020,04,vehicles,vehicles_1001,,,,,,,609,
HKMDS,202010,T1005,M100501,2020,05,vehicles,vehicles_1001,,,,,,,609,
HKMDS,202010,T1005,M100501,2020,06,vehicles,vehicles_1001,,,,,,,608,
HKMDS,202010,T1005,M100501,2020,07,vehicles,vehicles_1001,,,,,,,606,
HKMDS,202010,T1005,M100501,2020,08,vehicles,vehicles_1001,,,,,,,648,
HKMDS,202010,T1005,M100502,2017,,vehicles,vehicles_1001,,,,,,,15,
HKMDS,202010,T1005,M100502,2018,,vehicles,vehicles_1001,,,,,,,4,
HKMDS,202010,T1005,M100502,2019,,vehicles,vehicles_1001,,,,,,,0,
HKMDS,202010,T1005,M100502,2019,06,vehicles,vehicles_1001,,,,,,,0,
HKMDS,202010,T1005,M100502,2019,07,vehicles,vehicles_1001,,,,,,,0,
HKMDS,202010,T1005,M100502,2019,08,vehicles,vehicles_1001,,,,,,,0,
HKMDS,202010,T1005,M100502,2019,09,vehicles,vehicles_1001,,,,,,,0,
HKMDS,202010,T1005,M100502,2019,10,vehicles,vehicles_1001,,,,,,,0,
HKMDS,202010,T1005,M100502,2019,11,vehicles,vehicles_1001,,,,,,,0,
HKMDS,202010,T1005,M100502,2019,12,vehicles,vehicles_1001,,,,,,,0,
HKMDS,202010,T1005,M100502,2020,01,vehicles,vehicles_1001,,,,,,,0,
HKMDS,202010,T1005,M100502,2020,02,vehicles,vehicles_1001,,,,,,,0,
HKMDS,202010,T1005,M100502,2020,03,vehicles,vehicles_1001,,,,,,,0,
HKMDS,202010,T1005,M100502,2020,04,vehicles,vehicles_1001,,,,,,,0,
HKMDS,202010,T1005,M100502,2020,05,vehicles,vehicles_1001,,,,,,,15,
HKMDS,202010,T1005,M100502,2020,06,vehicles,vehicles_1001,,,,,,,0,
HKMDS,202010,T1005,M100502,2020,07,vehicles,vehicles_1001,,,,,,,0,
HKMDS,202010,T1005,M100502,2020,08,vehicles,vehicles_1001,,,,,,,57,
HKMDS,202010,T1005,M100501,2017,,vehicles,vehicles_1002,,,,,,,5596,
HKMDS,202010,T1005,M100501,2018,,vehicles,vehicles_1002,,,,,,,5716,
HKMDS,202010,T1005,M100501,2019,,vehicles,vehicles_1002,,,,,,,5768,
HKMDS,202010,T1005,M100501,2019,06,vehicles,vehicles_1002,,,,,,,5754,
HKMDS,202010,T1005,M100501,2019,07,vehicles,vehicles_1002,,,,,,,5737,
HKMDS,202010,T1005,M100501,2019,08,vehicles,vehicles_1002,,,,,,,5727,
HKMDS,202010,T1005,M100501,2019,09,vehicles,vehicles_1002,,,,,,,5739,
HKMDS,202010,T1005,M100501,2019,10,vehicles,vehicles_1002,,,,,,,5747,
HKMDS,202010,T1005,M100501,2019,11,vehicles,vehicles_1002,,,,,,,5752,
HKMDS,202010,T1005,M100501,2019,12,vehicles,vehicles_1002,,,,,,,5768,
HKMDS,202010,T1005,M100501,2020,01,vehicles,vehicles_1002,,,,,,,5775,
HKMDS,202010,T1005,M100501,2020,02,vehicles,vehicles_1002,,,,,,,5774,
HKMDS,202010,T1005,M100501,2020,03,vehicles,vehicles_1002,,,,,,,5787,
HKMDS,202010,T1005,M100501,2020,04,vehicles,vehicles_1002,,,,,,,5805,
HKMDS,202010,T1005,M100501,2020,05,vehicles,vehicles_1002,,,,,,,5802,
HKMDS,202010,T1005,M100501,2020,06,vehicles,vehicles_1002,,,,,,,5794,
HKMDS,202010,T1005,M100501,2020,07,vehicles,vehicles_1002,,,,,,,5806,
HKMDS,202010,T1005,M100501,2020,08,vehicles,vehicles_1002,,,,,,,5830,
HKMDS,202010,T1005,M100502,2017,,vehicles,vehicles_1002,,,,,,,713,
HKMDS,202010,T1005,M100502,2018,,vehicles,vehicles_1002,,,,,,,922,
HKMDS,202010,T1005,M100502,2019,,vehicles,vehicles_1002,,,,,,,519,
HKMDS,202010,T1005,M100502,2019,06,vehicles,vehicles_1002,,,,,,,10,
HKMDS,202010,T1005,M100502,2019,07,vehicles,vehicles_1002,,,,,,,10,
HKMDS,202010,T1005,M100502,2019,08,vehicles,vehicles_1002,,,,,,,22,
HKMDS,202010,T1005,M100502,2019,09,vehicles,vehicles_1002,,,,,,,36,
HKMDS,202010,T1005,M100502,2019,10,vehicles,vehicles_1002,,,,,,,38,
HKMDS,202010,T1005,M100502,2019,11,vehicles,vehicles_1002,,,,,,,19,
HKMDS,202010,T1005,M100502,2019,12,vehicles,vehicles_1002,,,,,,,61,
HKMDS,202010,T1005,M100502,2020,01,vehicles,vehicles_1002,,,,,,,36,
HKMDS,202010,T1005,M100502,2020,02,vehicles,vehicles_1002,,,,,,,9,
HKMDS,202010,T1005,M100502,2020,03,vehicles,vehicles_1002,,,,,,,40,
HKMDS,202010,T1005,M100502,2020,04,vehicles,vehicles_1002,,,,,,,20,
HKMDS,202010,T1005,M100502,2020,05,vehicles,vehicles_1002,,,,,,,18,
HKMDS,202010,T1005,M100502,2020,06,vehicles,vehicles_1002,,,,,,,17,
HKMDS,202010,T1005,M100502,2020,07,vehicles,vehicles_1002,,,,,,,31,
HKMDS,202010,T1005,M100502,2020,08,vehicles,vehicles_1002,,,,,,,47,
HKMDS,202010,T1005,M100501,2017,,vehicles,vehicles_10tt,,,,,,,6311,
HKMDS,202010,T1005,M100501,2018,,vehicles,vehicles_10tt,,,,,,,6374,
HKMDS,202010,T1005,M100501,2019,,vehicles,vehicles_10tt,,,,,,,6383,
HKMDS,202010,T1005,M100501,2019,06,vehicles,vehicles_10tt,,,,,,,6379,
HKMDS,202010,T1005,M100501,2019,07,vehicles,vehicles_10tt,,,,,,,6361,
HKMDS,202010,T1005,M100501,2019,08,vehicles,vehicles_10tt,,,,,,,6348,
HKMDS,202010,T1005,M100501,2019,09,vehicles,vehicles_10tt,,,,,,,6355,
HKMDS,202010,T1005,M100501,2019,10,vehicles,vehicles_10tt,,,,,,,6362,
HKMDS,202010,T1005,M100501,2019,11,vehicles,vehicles_10tt,,,,,,,6367,
HKMDS,202010,T1005,M100501,2019,12,vehicles,vehicles_10tt,,,,,,,6383,
HKMDS,202010,T1005,M100501,2020,01,vehicles,vehicles_10tt,,,,,,,6389,
HKMDS,202010,T1005,M100501,2020,02,vehicles,vehicles_10tt,,,,,,,6387,
HKMDS,202010,T1005,M100501,2020,03,vehicles,vehicles_10tt,,,,,,,6397,
HKMDS,202010,T1005,M100501,2020,04,vehicles,vehicles_10tt,,,,,,,6414,
HKMDS,202010,T1005,M100501,2020,05,vehicles,vehicles_10tt,,,,,,,6411,
HKMDS,202010,T1005,M100501,2020,06,vehicles,vehicles_10tt,,,,,,,6402,
HKMDS,202010,T1005,M100501,2020,07,vehicles,vehicles_10tt,,,,,,,6412,
HKMDS,202010,T1005,M100501,2020,08,vehicles,vehicles_10tt,,,,,,,6478,
HKMDS,202010,T1005,M100502,2017,,vehicles,vehicles_10tt,,,,,,,728,
HKMDS,202010,T1005,M100502,2018,,vehicles,vehicles_10tt,,,,,,,926,
HKMDS,202010,T1005,M100502,2019,,vehicles,vehicles_10tt,,,,,,,519,
HKMDS,202010,T1005,M100502,2019,06,vehicles,vehicles_10tt,,,,,,,10,
HKMDS,202010,T1005,M100502,2019,07,vehicles,vehicles_10tt,,,,,,,10,
HKMDS,202010,T1005,M100502,2019,08,vehicles,vehicles_10tt,,,,,,,22,
HKMDS,202010,T1005,M100502,2019,09,vehicles,vehicles_10tt,,,,,,,36,
HKMDS,202010,T1005,M100502,2019,10,vehicles,vehicles_10tt,,,,,,,38,
HKMDS,202010,T1005,M100502,2019,11,vehicles,vehicles_10tt,,,,,,,19,
HKMDS,202010,T1005,M100502,2019,12,vehicles,vehicles_10tt,,,,,,,61,
HKMDS,202010,T1005,M100502,2020,01,vehicles,vehicles_10tt,,,,,,,36,
HKMDS,202010,T1005,M100502,2020,02,vehicles,vehicles_10tt,,,,,,,9,
HKMDS,202010,T1005,M100502,2020,03,vehicles,vehicles_10tt,,,,,,,40,
HKMDS,202010,T1005,M100502,2020,04,vehicles,vehicles_10tt,,,,,,,20,
HKMDS,202010,T1005,M100502,2020,05,vehicles,vehicles_10tt,,,,,,,33,
HKMDS,202010,T1005,M100502,2020,06,vehicles,vehicles_10tt,,,,,,,17,
HKMDS,202010,T1005,M100502,2020,07,vehicles,vehicles_10tt,,,,,,,31,
HKMDS,202010,T1005,M100502,2020,08,vehicles,vehicles_10tt,,,,,,,104,
HKMDS,202010,T1005,M100501,2017,,vehicles,vehicles_tt,,,,,,,766200,
HKMDS,202010,T1005,M100501,2018,,vehicles,vehicles_tt,,,,,,,784434,
HKMDS,202010,T1005,M100501,2019,,vehicles,vehicles_tt,,,,,,,794366,
HKMDS,202010,T1005,M100501,2019,06,vehicles,vehicles_tt,,,,,,,790336,
HKMDS,202010,T1005,M100501,2019,07,vehicles,vehicles_tt,,,,,,,791207,
HKMDS,202010,T1005,M100501,2019,08,vehicles,vehicles_tt,,,,,,,791121,
HKMDS,202010,T1005,M100501,2019,09,vehicles,vehicles_tt,,,,,,,791465,
HKMDS,202010,T1005,M100501,2019,10,vehicles,vehicles_tt,,,,,,,792463,
HKMDS,202010,T1005,M100501,2019,11,vehicles,vehicles_tt,,,,,,,792550,
HKMDS,202010,T1005,M100501,2019,12,vehicles,vehicles_tt,,,,,,,794366,
HKMDS,202010,T1005,M100501,2020,01,vehicles,vehicles_tt,,,,,,,793947,
HKMDS,202010,T1005,M100501,2020,02,vehicles,vehicles_tt,,,,,,,784285,
HKMDS,202010,T1005,M100501,2020,03,vehicles,vehicles_tt,,,,,,,783654,
HKMDS,202010,T1005,M100501,2020,04,vehicles,vehicles_tt,,,,,,,786980,
HKMDS,202010,T1005,M100501,2020,05,vehicles,vehicles_tt,,,,,,,793471,
HKMDS,202010,T1005,M100501,2020,06,vehicles,vehicles_tt,,,,,,,797262,
HKMDS,202010,T1005,M100501,2020,07,vehicles,vehicles_tt,,,,,,,799121,
HKMDS,202010,T1005,M100501,2020,08,vehicles,vehicles_tt,,,,,,,797569,
HKMDS,202010,T1005,M100502,2017,,vehicles,vehicles_tt,,,,,,,52320,
HKMDS,202010,T1005,M100502,2018,,vehicles,vehicles_tt,,,,,,,49315,
HKMDS,202010,T1005,M100502,2019,,vehicles,vehicles_tt,,,,,,,55786,
HKMDS,202010,T1005,M100502,2019,06,vehicles,vehicles_tt,,,,,,,4792,
HKMDS,202010,T1005,M100502,2019,07,vehicles,vehicles_tt,,,,,,,5106,
HKMDS,202010,T1005,M100502,2019,08,vehicles,vehicles_tt,,,,,,,5110,
HKMDS,202010,T1005,M100502,2019,09,vehicles,vehicles_tt,,,,,,,4722,
HKMDS,202010,T1005,M100502,2019,10,vehicles,vehicles_tt,,,,,,,4492,
HKMDS,202010,T1005,M100502,2019,11,vehicles,vehicles_tt,,,,,,,4579,
HKMDS,202010,T1005,M100502,2019,12,vehicles,vehicles_tt,,,,,,,4849,
HKMDS,202010,T1005,M100502,2020,01,vehicles,vehicles_tt,,,,,,,3376,
HKMDS,202010,T1005,M100502,2020,02,vehicles,vehicles_tt,,,,,,,2790,
HKMDS,202010,T1005,M100502,2020,03,vehicles,vehicles_tt,,,,,,,4154,
HKMDS,202010,T1005,M100502,2020,04,vehicles,vehicles_tt,,,,,,,3510,
HKMDS,202010,T1005,M100502,2020,05,vehicles,vehicles_tt,,,,,,,4252,
HKMDS,202010,T1005,M100502,2020,06,vehicles,vehicles_tt,,,,,,,4317,
HKMDS,202010,T1005,M100502,2020,07,vehicles,vehicles_tt,,,,,,,4894,
HKMDS,202010,T1005,M100502,2020,08,vehicles,vehicles_tt,,,,,,,5236,
HKMDS,202010,T1005,M100503,2017,,,,,,,,,,839882,
HKMDS,202010,T1005,M100503,2018,,,,,,,,,,865003,
HKMDS,202010,T1005,M100503,2019,,,,,,,,,,878539,
HKMDS,202010,T1005,M100503,2019,06,,,,,,,,,872868,
HKMDS,202010,T1005,M100503,2019,07,,,,,,,,,874052,
HKMDS,202010,T1005,M100503,2019,08,,,,,,,,,875194,
HKMDS,202010,T1005,M100503,2019,09,,,,,,,,,875895,
HKMDS,202010,T1005,M100503,2019,10,,,,,,,,,876477,
HKMDS,202010,T1005,M100503,2019,11,,,,,,,,,877399,
HKMDS,202010,T1005,M100503,2019,12,,,,,,,,,878539,
HKMDS,202010,T1005,M100503,2020,01,,,,,,,,,879478,
HKMDS,202010,T1005,M100503,2020,02,,,,,,,,,881451,
HKMDS,202010,T1005,M100503,2020,03,,,,,,,,,884388,
HKMDS,202010,T1005,M100503,2020,04,,,,,,,,,886849,
HKMDS,202010,T1005,M100503,2020,05,,,,,,,,,889866,
HKMDS,202010,T1005,M100503,2020,06,,,,,,,,,892454,
HKMDS,202010,T1005,M100503,2020,07,,,,,,,,,895665,
HKMDS,202010,T1005,M100503,2020,08,,,,,,,,,899517,
HKMDS,202010,T1005,M100504,2017,,,,,,,,,,600443,
HKMDS,202010,T1005,M100504,2018,,,,,,,,,,617683,
HKMDS,202010,T1005,M100504,2019,,,,,,,,,,628230,
HKMDS,202010,T1005,M100504,2019,06,,,,,,,,,623908,
HKMDS,202010,T1005,M100504,2019,07,,,,,,,,,624869,
HKMDS,202010,T1005,M100504,2019,08,,,,,,,,,625658,
HKMDS,202010,T1005,M100504,2019,09,,,,,,,,,626037,
HKMDS,202010,T1005,M100504,2019,10,,,,,,,,,626405,
HKMDS,202010,T1005,M100504,2019,11,,,,,,,,,627183,
HKMDS,202010,T1005,M100504,2019,12,,,,,,,,,628230,
HKMDS,202010,T1005,M100504,2020,01,,,,,,,,,628633,
HKMDS,202010,T1005,M100504,2020,02,,,,,,,,,629909,
HKMDS,202010,T1005,M100504,2020,03,,,,,,,,,631808,
HKMDS,202010,T1005,M100504,2020,04,,,,,,,,,633312,
HKMDS,202010,T1005,M100504,2020,05,,,,,,,,,635237,
HKMDS,202010,T1005,M100504,2020,06,,,,,,,,,636832,
HKMDS,202010,T1005,M100504,2020,07,,,,,,,,,638452,
HKMDS,202010,T1005,M100504,2020,08,,,,,,,,,640758,
HKMDS,202010,T1006,M100601,2017,,road,road_01,vehicle,vehicle_01,,,,,28841,
HKMDS,202010,T1006,M100601,2018,,road,road_01,vehicle,vehicle_01,,,,,28616,
HKMDS,202010,T1006,M100601,2019,,road,road_01,vehicle,vehicle_01,,,,,27542,
HKMDS,202010,T1006,M100601,2019,05,road,road_01,vehicle,vehicle_01,,,,,2442,
HKMDS,202010,T1006,M100601,2019,06,road,road_01,vehicle,vehicle_01,,,,,2332,
HKMDS,202010,T1006,M100601,2019,07,road,road_01,vehicle,vehicle_01,,,,,2362,
HKMDS,202010,T1006,M100601,2019,08,road,road_01,vehicle,vehicle_01,,,,,2326,
HKMDS,202010,T1006,M100601,2019,09,road,road_01,vehicle,vehicle_01,,,,,2373,
HKMDS,202010,T1006,M100601,2019,10,road,road_01,vehicle,vehicle_01,,,,,2418,
HKMDS,202010,T1006,M100601,2019,11,road,road_01,vehicle,vehicle_01,,,,,1280,
HKMDS,202010,T1006,M100601,2019,12,road,road_01,vehicle,vehicle_01,,,,,2386,
HKMDS,202010,T1006,M100601,2020,01,road,road_01,vehicle,vehicle_01,,,,,2475,
HKMDS,202010,T1006,M100601,2020,02,road,road_01,vehicle,vehicle_01,,,,,2191,
HKMDS,202010,T1006,M100601,2020,03,road,road_01,vehicle,vehicle_01,,,,,2330,
HKMDS,202010,T1006,M100601,2020,04,road,road_01,vehicle,vehicle_01,,,,,2157,
HKMDS,202010,T1006,M100601,2020,05,road,road_01,vehicle,vehicle_01,,,,,2390,
HKMDS,202010,T1006,M100601,2020,06,road,road_01,vehicle,vehicle_01,,,,,2404,
HKMDS,202010,T1006,M100601,2020,07,road,road_01,vehicle,vehicle_01,,,,,2240,
HKMDS,202010,T1006,M100601,2017,,road,road_01,vehicle,vehicle_02,,,,,3860,
HKMDS,202010,T1006,M100601,2018,,road,road_01,vehicle,vehicle_02,,,,,3714,
HKMDS,202010,T1006,M100601,2019,,road,road_01,vehicle,vehicle_02,,,,,3265,
HKMDS,202010,T1006,M100601,2019,05,road,road_01,vehicle,vehicle_02,,,,,306,
HKMDS,202010,T1006,M100601,2019,06,road,road_01,vehicle,vehicle_02,,,,,284,
HKMDS,202010,T1006,M100601,2019,07,road,road_01,vehicle,vehicle_02,,,,,291,
HKMDS,202010,T1006,M100601,2019,08,road,road_01,vehicle,vehicle_02,,,,,259,
HKMDS,202010,T1006,M100601,2019,09,road,road_01,vehicle,vehicle_02,,,,,255,
HKMDS,202010,T1006,M100601,2019,10,road,road_01,vehicle,vehicle_02,,,,,273,
HKMDS,202010,T1006,M100601,2019,11,road,road_01,vehicle,vehicle_02,,,,,141,
HKMDS,202010,T1006,M100601,2019,12,road,road_01,vehicle,vehicle_02,,,,,259,
HKMDS,202010,T1006,M100601,2020,01,road,road_01,vehicle,vehicle_02,,,,,249,
HKMDS,202010,T1006,M100601,2020,02,road,road_01,vehicle,vehicle_02,,,,,179,
HKMDS,202010,T1006,M100601,2020,03,road,road_01,vehicle,vehicle_02,,,,,188,
HKMDS,202010,T1006,M100601,2020,04,road,road_01,vehicle,vehicle_02,,,,,171,
HKMDS,202010,T1006,M100601,2020,05,road,road_01,vehicle,vehicle_02,,,,,206,
HKMDS,202010,T1006,M100601,2020,06,road,road_01,vehicle,vehicle_02,,,,,219,
HKMDS,202010,T1006,M100601,2020,07,road,road_01,vehicle,vehicle_02,,,,,219,
HKMDS,202010,T1006,M100601,2017,,road,road_01,vehicle,vehicle_03,,,,,8826,
HKMDS,202010,T1006,M100601,2018,,road,road_01,vehicle,vehicle_03,,,,,8710,
HKMDS,202010,T1006,M100601,2019,,road,road_01,vehicle,vehicle_03,,,,,8130,
HKMDS,202010,T1006,M100601,2019,05,road,road_01,vehicle,vehicle_03,,,,,735,
HKMDS,202010,T1006,M100601,2019,06,road,road_01,vehicle,vehicle_03,,,,,690,
HKMDS,202010,T1006,M100601,2019,07,road,road_01,vehicle,vehicle_03,,,,,737,
HKMDS,202010,T1006,M100601,2019,08,road,road_01,vehicle,vehicle_03,,,,,738,
HKMDS,202010,T1006,M100601,2019,09,road,road_01,vehicle,vehicle_03,,,,,700,
HKMDS,202010,T1006,M100601,2019,10,road,road_01,vehicle,vehicle_03,,,,,701,
HKMDS,202010,T1006,M100601,2019,11,road,road_01,vehicle,vehicle_03,,,,,373,
HKMDS,202010,T1006,M100601,2019,12,road,road_01,vehicle,vehicle_03,,,,,688,
HKMDS,202010,T1006,M100601,2020,01,road,road_01,vehicle,vehicle_03,,,,,625,
HKMDS,202010,T1006,M100601,2020,02,road,road_01,vehicle,vehicle_03,,,,,606,
HKMDS,202010,T1006,M100601,2020,03,road,road_01,vehicle,vehicle_03,,,,,697,
HKMDS,202010,T1006,M100601,2020,04,road,road_01,vehicle,vehicle_03,,,,,663,
HKMDS,202010,T1006,M100601,2020,05,road,road_01,vehicle,vehicle_03,,,,,696,
HKMDS,202010,T1006,M100601,2020,06,road,road_01,vehicle,vehicle_03,,,,,685,
HKMDS,202010,T1006,M100601,2020,07,road,road_01,vehicle,vehicle_03,,,,,709,
HKMDS,202010,T1006,M100601,2017,,road,road_01,vehicle,vehicle_tt,,,,,41528,
HKMDS,202010,T1006,M100601,2018,,road,road_01,vehicle,vehicle_tt,,,,,41041,
HKMDS,202010,T1006,M100601,2019,,road,road_01,vehicle,vehicle_tt,,,,,38938,
HKMDS,202010,T1006,M100601,2019,05,road,road_01,vehicle,vehicle_tt,,,,,3484,
HKMDS,202010,T1006,M100601,2019,06,road,road_01,vehicle,vehicle_tt,,,,,3306,
HKMDS,202010,T1006,M100601,2019,07,road,road_01,vehicle,vehicle_tt,,,,,3390,
HKMDS,202010,T1006,M100601,2019,08,road,road_01,vehicle,vehicle_tt,,,,,3324,
HKMDS,202010,T1006,M100601,2019,09,road,road_01,vehicle,vehicle_tt,,,,,3328,
HKMDS,202010,T1006,M100601,2019,10,road,road_01,vehicle,vehicle_tt,,,,,3392,
HKMDS,202010,T1006,M100601,2019,11,road,road_01,vehicle,vehicle_tt,,,,,1794,
HKMDS,202010,T1006,M100601,2019,12,road,road_01,vehicle,vehicle_tt,,,,,3334,
HKMDS,202010,T1006,M100601,2020,01,road,road_01,vehicle,vehicle_tt,,,,,3349,
HKMDS,202010,T1006,M100601,2020,02,road,road_01,vehicle,vehicle_tt,,,,,2976,
HKMDS,202010,T1006,M100601,2020,03,road,road_01,vehicle,vehicle_tt,,,,,3214,
HKMDS,202010,T1006,M100601,2020,04,road,road_01,vehicle,vehicle_tt,,,,,2992,
HKMDS,202010,T1006,M100601,2020,05,road,road_01,vehicle,vehicle_tt,,,,,3292,
HKMDS,202010,T1006,M100601,2020,06,road,road_01,vehicle,vehicle_tt,,,,,3309,
HKMDS,202010,T1006,M100601,2020,07,road,road_01,vehicle,vehicle_tt,,,,,3168,
HKMDS,202010,T1006,M100601,2017,,road,road_02,vehicle,vehicle_01,,,,,22502,
HKMDS,202010,T1006,M100601,2018,,road,road_02,vehicle,vehicle_01,,,,,22827,
HKMDS,202010,T1006,M100601,2019,,road,road_02,vehicle,vehicle_01,,,,,23207,
HKMDS,202010,T1006,M100601,2019,05,road,road_02,vehicle,vehicle_01,,,,,1962,
HKMDS,202010,T1006,M100601,2019,06,road,road_02,vehicle,vehicle_01,,,,,1880,
HKMDS,202010,T1006,M100601,2019,07,road,road_02,vehicle,vehicle_01,,,,,1881,
HKMDS,202010,T1006,M100601,2019,08,road,road_02,vehicle,vehicle_01,,,,,1891,
HKMDS,202010,T1006,M100601,2019,09,road,road_02,vehicle,vehicle_01,,,,,1940,
HKMDS,202010,T1006,M100601,2019,10,road,road_02,vehicle,vehicle_01,,,,,1974,
HKMDS,202010,T1006,M100601,2019,11,road,road_02,vehicle,vehicle_01,,,,,2146,
HKMDS,202010,T1006,M100601,2019,12,road,road_02,vehicle,vehicle_01,,,,,1913,
HKMDS,202010,T1006,M100601,2020,01,road,road_02,vehicle,vehicle_01,,,,,1935,
HKMDS,202010,T1006,M100601,2020,02,road,road_02,vehicle,vehicle_01,,,,,1563,
HKMDS,202010,T1006,M100601,2020,03,road,road_02,vehicle,vehicle_01,,,,,1699,
HKMDS,202010,T1006,M100601,2020,04,road,road_02,vehicle,vehicle_01,,,,,1559,
HKMDS,202010,T1006,M100601,2020,05,road,road_02,vehicle,vehicle_01,,,,,1868,
HKMDS,202010,T1006,M100601,2020,06,road,road_02,vehicle,vehicle_01,,,,,1955,
HKMDS,202010,T1006,M100601,2020,07,road,road_02,vehicle,vehicle_01,,,,,1796,
HKMDS,202010,T1006,M100601,2017,,road,road_02,vehicle,vehicle_02,,,,,1329,
HKMDS,202010,T1006,M100601,2018,,road,road_02,vehicle,vehicle_02,,,,,1303,
HKMDS,202010,T1006,M100601,2019,,road,road_02,vehicle,vehicle_02,,,,,1364,
HKMDS,202010,T1006,M100601,2019,05,road,road_02,vehicle,vehicle_02,,,,,115,
HKMDS,202010,T1006,M100601,2019,06,road,road_02,vehicle,vehicle_02,,,,,111,
HKMDS,202010,T1006,M100601,2019,07,road,road_02,vehicle,vehicle_02,,,,,108,
HKMDS,202010,T1006,M100601,2019,08,road,road_02,vehicle,vehicle_02,,,,,106,
HKMDS,202010,T1006,M100601,2019,09,road,road_02,vehicle,vehicle_02,,,,,115,
HKMDS,202010,T1006,M100601,2019,10,road,road_02,vehicle,vehicle_02,,,,,119,
HKMDS,202010,T1006,M100601,2019,11,road,road_02,vehicle,vehicle_02,,,,,137,
HKMDS,202010,T1006,M100601,2019,12,road,road_02,vehicle,vehicle_02,,,,,112,
HKMDS,202010,T1006,M100601,2020,01,road,road_02,vehicle,vehicle_02,,,,,109,
HKMDS,202010,T1006,M100601,2020,02,road,road_02,vehicle,vehicle_02,,,,,81,
HKMDS,202010,T1006,M100601,2020,03,road,road_02,vehicle,vehicle_02,,,,,84,
HKMDS,202010,T1006,M100601,2020,04,road,road_02,vehicle,vehicle_02,,,,,78,
HKMDS,202010,T1006,M100601,2020,05,road,road_02,vehicle,vehicle_02,,,,,90,
HKMDS,202010,T1006,M100601,2020,06,road,road_02,vehicle,vehicle_02,,,,,98,
HKMDS,202010,T1006,M100601,2020,07,road,road_02,vehicle,vehicle_02,,,,,95,
HKMDS,202010,T1006,M100601,2017,,road,road_02,vehicle,vehicle_03,,,,,4342,
HKMDS,202010,T1006,M100601,2018,,road,road_02,vehicle,vehicle_03,,,,,4356,
HKMDS,202010,T1006,M100601,2019,,road,road_02,vehicle,vehicle_03,,,,,4252,
HKMDS,202010,T1006,M100601,2019,05,road,road_02,vehicle,vehicle_03,,,,,362,
HKMDS,202010,T1006,M100601,2019,06,road,road_02,vehicle,vehicle_03,,,,,350,
HKMDS,202010,T1006,M100601,2019,07,road,road_02,vehicle,vehicle_03,,,,,366,
HKMDS,202010,T1006,M100601,2019,08,road,road_02,vehicle,vehicle_03,,,,,360,
HKMDS,202010,T1006,M100601,2019,09,road,road_02,vehicle,vehicle_03,,,,,342,
HKMDS,202010,T1006,M100601,2019,10,road,road_02,vehicle,vehicle_03,,,,,343,
HKMDS,202010,T1006,M100601,2019,11,road,road_02,vehicle,vehicle_03,,,,,447,
HKMDS,202010,T1006,M100601,2019,12,road,road_02,vehicle,vehicle_03,,,,,337,
HKMDS,202010,T1006,M100601,2020,01,road,road_02,vehicle,vehicle_03,,,,,294,
HKMDS,202010,T1006,M100601,2020,02,road,road_02,vehicle,vehicle_03,,,,,245,
HKMDS,202010,T1006,M100601,2020,03,road,road_02,vehicle,vehicle_03,,,,,289,
HKMDS,202010,T1006,M100601,2020,04,road,road_02,vehicle,vehicle_03,,,,,268,
HKMDS,202010,T1006,M100601,2020,05,road,road_02,vehicle,vehicle_03,,,,,305,
HKMDS,202010,T1006,M100601,2020,06,road,road_02,vehicle,vehicle_03,,,,,322,
HKMDS,202010,T1006,M100601,2020,07,road,road_02,vehicle,vehicle_03,,,,,326,
HKMDS,202010,T1006,M100601,2017,,road,road_02,vehicle,vehicle_tt,,,,,28174,
HKMDS,202010,T1006,M100601,2018,,road,road_02,vehicle,vehicle_tt,,,,,28486,
HKMDS,202010,T1006,M100601,2019,,road,road_02,vehicle,vehicle_tt,,,,,28823,
HKMDS,202010,T1006,M100601,2019,05,road,road_02,vehicle,vehicle_tt,,,,,2439,
HKMDS,202010,T1006,M100601,2019,06,road,road_02,vehicle,vehicle_tt,,,,,2342,
HKMDS,202010,T1006,M100601,2019,07,road,road_02,vehicle,vehicle_tt,,,,,2356,
HKMDS,202010,T1006,M100601,2019,08,road,road_02,vehicle,vehicle_tt,,,,,2357,
HKMDS,202010,T1006,M100601,2019,09,road,road_02,vehicle,vehicle_tt,,,,,2397,
HKMDS,202010,T1006,M100601,2019,10,road,road_02,vehicle,vehicle_tt,,,,,2437,
HKMDS,202010,T1006,M100601,2019,11,road,road_02,vehicle,vehicle_tt,,,,,2730,
HKMDS,202010,T1006,M100601,2019,12,road,road_02,vehicle,vehicle_tt,,,,,2362,
HKMDS,202010,T1006,M100601,2020,01,road,road_02,vehicle,vehicle_tt,,,,,2337,
HKMDS,202010,T1006,M100601,2020,02,road,road_02,vehicle,vehicle_tt,,,,,1889,
HKMDS,202010,T1006,M100601,2020,03,road,road_02,vehicle,vehicle_tt,,,,,2071,
HKMDS,202010,T1006,M100601,2020,04,road,road_02,vehicle,vehicle_tt,,,,,1906,
HKMDS,202010,T1006,M100601,2020,05,road,road_02,vehicle,vehicle_tt,,,,,2263,
HKMDS,202010,T1006,M100601,2020,06,road,road_02,vehicle,vehicle_tt,,,,,2375,
HKMDS,202010,T1006,M100601,2020,07,road,road_02,vehicle,vehicle_tt,,,,,2218,
HKMDS,202010,T1006,M100601,2017,,road,road_03,vehicle,vehicle_01,,,,,19146,
HKMDS,202010,T1006,M100601,2018,,road,road_03,vehicle,vehicle_01,,,,,19642,
HKMDS,202010,T1006,M100601,2019,,road,road_03,vehicle,vehicle_01,,,,,19714,
HKMDS,202010,T1006,M100601,2019,05,road,road_03,vehicle,vehicle_01,,,,,1718,
HKMDS,202010,T1006,M100601,2019,06,road,road_03,vehicle,vehicle_01,,,,,1541,
HKMDS,202010,T1006,M100601,2019,07,road,road_03,vehicle,vehicle_01,,,,,1530,
HKMDS,202010,T1006,M100601,2019,08,road,road_03,vehicle,vehicle_01,,,,,1508,
HKMDS,202010,T1006,M100601,2019,09,road,road_03,vehicle,vehicle_01,,,,,1576,
HKMDS,202010,T1006,M100601,2019,10,road,road_03,vehicle,vehicle_01,,,,,1650,
HKMDS,202010,T1006,M100601,2019,11,road,road_03,vehicle,vehicle_01,,,,,2037,
HKMDS,202010,T1006,M100601,2019,12,road,road_03,vehicle,vehicle_01,,,,,1588,
HKMDS,202010,T1006,M100601,2020,01,road,road_03,vehicle,vehicle_01,,,,,1502,
HKMDS,202010,T1006,M100601,2020,02,road,road_03,vehicle,vehicle_01,,,,,895,
HKMDS,202010,T1006,M100601,2020,03,road,road_03,vehicle,vehicle_01,,,,,995,
HKMDS,202010,T1006,M100601,2020,04,road,road_03,vehicle,vehicle_01,,,,,831,
HKMDS,202010,T1006,M100601,2020,05,road,road_03,vehicle,vehicle_01,,,,,1113,
HKMDS,202010,T1006,M100601,2020,06,road,road_03,vehicle,vehicle_01,,,,,1276,
HKMDS,202010,T1006,M100601,2020,07,road,road_03,vehicle,vehicle_01,,,,,1096,
HKMDS,202010,T1006,M100601,2017,,road,road_03,vehicle,vehicle_02,,,,,2095,
HKMDS,202010,T1006,M100601,2018,,road,road_03,vehicle,vehicle_02,,,,,2077,
HKMDS,202010,T1006,M100601,2019,,road,road_03,vehicle,vehicle_02,,,,,2082,
HKMDS,202010,T1006,M100601,2019,05,road,road_03,vehicle,vehicle_02,,,,,179,
HKMDS,202010,T1006,M100601,2019,06,road,road_03,vehicle,vehicle_02,,,,,170,
HKMDS,202010,T1006,M100601,2019,07,road,road_03,vehicle,vehicle_02,,,,,171,
HKMDS,202010,T1006,M100601,2019,08,road,road_03,vehicle,vehicle_02,,,,,169,
HKMDS,202010,T1006,M100601,2019,09,road,road_03,vehicle,vehicle_02,,,,,170,
HKMDS,202010,T1006,M100601,2019,10,road,road_03,vehicle,vehicle_02,,,,,172,
HKMDS,202010,T1006,M100601,2019,11,road,road_03,vehicle,vehicle_02,,,,,190,
HKMDS,202010,T1006,M100601,2019,12,road,road_03,vehicle,vehicle_02,,,,,168,
HKMDS,202010,T1006,M100601,2020,01,road,road_03,vehicle,vehicle_02,,,,,164,
HKMDS,202010,T1006,M100601,2020,02,road,road_03,vehicle,vehicle_02,,,,,115,
HKMDS,202010,T1006,M100601,2020,03,road,road_03,vehicle,vehicle_02,,,,,118,
HKMDS,202010,T1006,M100601,2020,04,road,road_03,vehicle,vehicle_02,,,,,104,
HKMDS,202010,T1006,M100601,2020,05,road,road_03,vehicle,vehicle_02,,,,,122,
HKMDS,202010,T1006,M100601,2020,06,road,road_03,vehicle,vehicle_02,,,,,129,
HKMDS,202010,T1006,M100601,2020,07,road,road_03,vehicle,vehicle_02,,,,,129,
HKMDS,202010,T1006,M100601,2017,,road,road_03,vehicle,vehicle_03,,,,,3426,
HKMDS,202010,T1006,M100601,2018,,road,road_03,vehicle,vehicle_03,,,,,3495,
HKMDS,202010,T1006,M100601,2019,,road,road_03,vehicle,vehicle_03,,,,,3673,
HKMDS,202010,T1006,M100601,2019,05,road,road_03,vehicle,vehicle_03,,,,,308,
HKMDS,202010,T1006,M100601,2019,06,road,road_03,vehicle,vehicle_03,,,,,287,
HKMDS,202010,T1006,M100601,2019,07,road,road_03,vehicle,vehicle_03,,,,,302,
HKMDS,202010,T1006,M100601,2019,08,road,road_03,vehicle,vehicle_03,,,,,307,
HKMDS,202010,T1006,M100601,2019,09,road,road_03,vehicle,vehicle_03,,,,,298,
HKMDS,202010,T1006,M100601,2019,10,road,road_03,vehicle,vehicle_03,,,,,301,
HKMDS,202010,T1006,M100601,2019,11,road,road_03,vehicle,vehicle_03,,,,,446,
HKMDS,202010,T1006,M100601,2019,12,road,road_03,vehicle,vehicle_03,,,,,311,
HKMDS,202010,T1006,M100601,2020,01,road,road_03,vehicle,vehicle_03,,,,,272,
HKMDS,202010,T1006,M100601,2020,02,road,road_03,vehicle,vehicle_03,,,,,204,
HKMDS,202010,T1006,M100601,2020,03,road,road_03,vehicle,vehicle_03,,,,,234,
HKMDS,202010,T1006,M100601,2020,04,road,road_03,vehicle,vehicle_03,,,,,209,
HKMDS,202010,T1006,M100601,2020,05,road,road_03,vehicle,vehicle_03,,,,,250,
HKMDS,202010,T1006,M100601,2020,06,road,road_03,vehicle,vehicle_03,,,,,280,
HKMDS,202010,T1006,M100601,2020,07,road,road_03,vehicle,vehicle_03,,,,,276,
HKMDS,202010,T1006,M100601,2017,,road,road_03,vehicle,vehicle_tt,,,,,24667,
HKMDS,202010,T1006,M100601,2018,,road,road_03,vehicle,vehicle_tt,,,,,25215,
HKMDS,202010,T1006,M100601,2019,,road,road_03,vehicle,vehicle_tt,,,,,25469,
HKMDS,202010,T1006,M100601,2019,05,road,road_03,vehicle,vehicle_tt,,,,,2205,
HKMDS,202010,T1006,M100601,2019,06,road,road_03,vehicle,vehicle_tt,,,,,1998,
HKMDS,202010,T1006,M100601,2019,07,road,road_03,vehicle,vehicle_tt,,,,,2004,
HKMDS,202010,T1006,M100601,2019,08,road,road_03,vehicle,vehicle_tt,,,,,1984,
HKMDS,202010,T1006,M100601,2019,09,road,road_03,vehicle,vehicle_tt,,,,,2044,
HKMDS,202010,T1006,M100601,2019,10,road,road_03,vehicle,vehicle_tt,,,,,2123,
HKMDS,202010,T1006,M100601,2019,11,road,road_03,vehicle,vehicle_tt,,,,,2673,
HKMDS,202010,T1006,M100601,2019,12,road,road_03,vehicle,vehicle_tt,,,,,2067,
HKMDS,202010,T1006,M100601,2020,01,road,road_03,vehicle,vehicle_tt,,,,,1938,
HKMDS,202010,T1006,M100601,2020,02,road,road_03,vehicle,vehicle_tt,,,,,1214,
HKMDS,202010,T1006,M100601,2020,03,road,road_03,vehicle,vehicle_tt,,,,,1347,
HKMDS,202010,T1006,M100601,2020,04,road,road_03,vehicle,vehicle_tt,,,,,1144,
HKMDS,202010,T1006,M100601,2020,05,road,road_03,vehicle,vehicle_tt,,,,,1485,
HKMDS,202010,T1006,M100601,2020,06,road,road_03,vehicle,vehicle_tt,,,,,1685,
HKMDS,202010,T1006,M100601,2020,07,road,road_03,vehicle,vehicle_tt,,,,,1501,
HKMDS,202010,T1006,M100601,2017,,road,road_04,,,,,,,33689,
HKMDS,202010,T1006,M100601,2018,,road,road_04,,,,,,,33215,
HKMDS,202010,T1006,M100601,2019,,road,road_04,,,,,,,32400,
HKMDS,202010,T1006,M100601,2019,05,road,road_04,,,,,,,2811,
HKMDS,202010,T1006,M100601,2019,06,road,road_04,,,,,,,2712,
HKMDS,202010,T1006,M100601,2019,07,road,road_04,,,,,,,2706,
HKMDS,202010,T1006,M100601,2019,08,road,road_04,,,,,,,2685,
HKMDS,202010,T1006,M100601,2019,09,road,road_04,,,,,,,2746,
HKMDS,202010,T1006,M100601,2019,10,road,road_04,,,,,,,2710,
HKMDS,202010,T1006,M100601,2019,11,road,road_04,,,,,,,2364,
HKMDS,202010,T1006,M100601,2019,12,road,road_04,,,,,,,2741,
HKMDS,202010,T1006,M100601,2020,01,road,road_04,,,,,,,2763,
HKMDS,202010,T1006,M100601,2020,02,road,road_04,,,,,,,2246,
HKMDS,202010,T1006,M100601,2020,03,road,road_04,,,,,,,2443,
HKMDS,202010,T1006,M100601,2020,04,road,road_04,,,,,,,2260,
HKMDS,202010,T1006,M100601,2020,05,road,road_04,,,,,,,2616,
HKMDS,202010,T1006,M100601,2020,06,road,road_04,,,,,,,2717,
HKMDS,202010,T1006,M100601,2020,07,road,road_04,,,,,,,2527,
HKMDS,202010,T1006,M100601,2017,,road,road_05,,,,,,,21931,
HKMDS,202010,T1006,M100601,2018,,road,road_05,,,,,,,21974,
HKMDS,202010,T1006,M100601,2019,,road,road_05,,,,,,,21900,
HKMDS,202010,T1006,M100601,2019,05,road,road_05,,,,,,,1907,
HKMDS,202010,T1006,M100601,2019,06,road,road_05,,,,,,,1805,
HKMDS,202010,T1006,M100601,2019,07,road,road_05,,,,,,,1781,
HKMDS,202010,T1006,M100601,2019,08,road,road_05,,,,,,,1814,
HKMDS,202010,T1006,M100601,2019,09,road,road_05,,,,,,,1834,
HKMDS,202010,T1006,M100601,2019,10,road,road_05,,,,,,,1873,
HKMDS,202010,T1006,M100601,2019,11,road,road_05,,,,,,,1737,
HKMDS,202010,T1006,M100601,2019,12,road,road_05,,,,,,,1873,
HKMDS,202010,T1006,M100601,2020,01,road,road_05,,,,,,,1835,
HKMDS,202010,T1006,M100601,2020,02,road,road_05,,,,,,,1486,
HKMDS,202010,T1006,M100601,2020,03,road,road_05,,,,,,,1636,
HKMDS,202010,T1006,M100601,2020,04,road,road_05,,,,,,,1549,
HKMDS,202010,T1006,M100601,2020,05,road,road_05,,,,,,,1764,
HKMDS,202010,T1006,M100601,2020,06,road,road_05,,,,,,,1844,
HKMDS,202010,T1006,M100601,2020,07,road,road_05,,,,,,,1744,
HKMDS,202010,T1006,M100601,2017,,road,road_06,,,,,,,19800,
HKMDS,202010,T1006,M100601,2018,,road,road_06,,,,,,,19728,
HKMDS,202010,T1006,M100601,2019,,road,road_06,,,,,,,19375,
HKMDS,202010,T1006,M100601,2019,05,road,road_06,,,,,,,1654,
HKMDS,202010,T1006,M100601,2019,06,road,road_06,,,,,,,1594,
HKMDS,202010,T1006,M100601,2019,07,road,road_06,,,,,,,1614,
HKMDS,202010,T1006,M100601,2019,08,road,road_06,,,,,,,1604,
HKMDS,202010,T1006,M100601,2019,09,road,road_06,,,,,,,1604,
HKMDS,202010,T1006,M100601,2019,10,road,road_06,,,,,,,1595,
HKMDS,202010,T1006,M100601,2019,11,road,road_06,,,,,,,1605,
HKMDS,202010,T1006,M100601,2019,12,road,road_06,,,,,,,1664,
HKMDS,202010,T1006,M100601,2020,01,road,road_06,,,,,,,1655,
HKMDS,202010,T1006,M100601,2020,02,road,road_06,,,,,,,1333,
HKMDS,202010,T1006,M100601,2020,03,road,road_06,,,,,,,1450,
HKMDS,202010,T1006,M100601,2020,04,road,road_06,,,,,,,1369,
HKMDS,202010,T1006,M100601,2020,05,road,road_06,,,,,,,1530,
HKMDS,202010,T1006,M100601,2020,06,road,road_06,,,,,,,1551,
HKMDS,202010,T1006,M100601,2020,07,road,road_06,,,,,,,1512,
HKMDS,202010,T1006,M100601,2017,,road,road_07,,,,,,,33858,
HKMDS,202010,T1006,M100601,2018,,road,road_07,,,,,,,34126,
HKMDS,202010,T1006,M100601,2019,,road,road_07,,,,,,,34567,
HKMDS,202010,T1006,M100601,2019,05,road,road_07,,,,,,,2963,
HKMDS,202010,T1006,M100601,2019,06,road,road_07,,,,,,,2855,
HKMDS,202010,T1006,M100601,2019,07,road,road_07,,,,,,,2863,
HKMDS,202010,T1006,M100601,2019,08,road,road_07,,,,,,,2833,
HKMDS,202010,T1006,M100601,2019,09,road,road_07,,,,,,,2905,
HKMDS,202010,T1006,M100601,2019,10,road,road_07,,,,,,,3006,
HKMDS,202010,T1006,M100601,2019,11,road,road_07,,,,,,,2814,
HKMDS,202010,T1006,M100601,2019,12,road,road_07,,,,,,,2938,
HKMDS,202010,T1006,M100601,2020,01,road,road_07,,,,,,,2919,
HKMDS,202010,T1006,M100601,2020,02,road,road_07,,,,,,,2418,
HKMDS,202010,T1006,M100601,2020,03,road,road_07,,,,,,,2626,
HKMDS,202010,T1006,M100601,2020,04,road,road_07,,,,,,,2453,
HKMDS,202010,T1006,M100601,2020,05,road,road_07,,,,,,,2808,
HKMDS,202010,T1006,M100601,2020,06,road,road_07,,,,,,,2883,
HKMDS,202010,T1006,M100601,2020,07,road,road_07,,,,,,,2732,
HKMDS,202010,T1006,M100601,2017,,road,road_08,,,,,,,22198,
HKMDS,202010,T1006,M100601,2018,,road,road_08,,,,,,,22496,
HKMDS,202010,T1006,M100601,2019,,road,road_08,,,,,,,22616,
HKMDS,202010,T1006,M100601,2019,05,road,road_08,,,,,,,1919,
HKMDS,202010,T1006,M100601,2019,06,road,road_08,,,,,,,1843,
HKMDS,202010,T1006,M100601,2019,07,road,road_08,,,,,,,1876,
HKMDS,202010,T1006,M100601,2019,08,road,road_08,,,,,,,1888,
HKMDS,202010,T1006,M100601,2019,09,road,road_08,,,,,,,1902,
HKMDS,202010,T1006,M100601,2019,10,road,road_08,,,,,,,1950,
HKMDS,202010,T1006,M100601,2019,11,road,road_08,,,,,,,1879,
HKMDS,202010,T1006,M100601,2019,12,road,road_08,,,,,,,1931,
HKMDS,202010,T1006,M100601,2020,01,road,road_08,,,,,,,1936,
HKMDS,202010,T1006,M100601,2020,02,road,road_08,,,,,,,1449,
HKMDS,202010,T1006,M100601,2020,03,road,road_08,,,,,,,1580,
HKMDS,202010,T1006,M100601,2020,04,road,road_08,,,,,,,1475,
HKMDS,202010,T1006,M100601,2020,05,road,road_08,,,,,,,1735,
HKMDS,202010,T1006,M100601,2020,06,road,road_08,,,,,,,1811,
HKMDS,202010,T1006,M100601,2020,07,road,road_08,,,,,,,1698,
HKMDS,202010,T1006,M100601,2017,,road,road_09,,,,,,,19380,
HKMDS,202010,T1006,M100601,2018,,road,road_09,,,,,,,19584,
HKMDS,202010,T1006,M100601,2019,,road,road_09,,,,,,,19185,
HKMDS,202010,T1006,M100601,2019,05,road,road_09,,,,,,,1649,
HKMDS,202010,T1006,M100601,2019,06,road,road_09,,,,,,,1590,
HKMDS,202010,T1006,M100601,2019,07,road,road_09,,,,,,,1647,
HKMDS,202010,T1006,M100601,2019,08,road,road_09,,,,,,,1674,
HKMDS,202010,T1006,M100601,2019,09,road,road_09,,,,,,,1593,
HKMDS,202010,T1006,M100601,2019,10,road,road_09,,,,,,,1652,
HKMDS,202010,T1006,M100601,2019,11,road,road_09,,,,,,,1410,
HKMDS,202010,T1006,M100601,2019,12,road,road_09,,,,,,,1629,
HKMDS,202010,T1006,M100601,2020,01,road,road_09,,,,,,,1613,
HKMDS,202010,T1006,M100601,2020,02,road,road_09,,,,,,,1486,
HKMDS,202010,T1006,M100601,2020,03,road,road_09,,,,,,,1632,
HKMDS,202010,T1006,M100601,2020,04,road,road_09,,,,,,,1520,
HKMDS,202010,T1006,M100601,2020,05,road,road_09,,,,,,,1616,
HKMDS,202010,T1006,M100601,2020,06,road,road_09,,,,,,,1570,
HKMDS,202010,T1006,M100601,2020,07,road,road_09,,,,,,,1629,
HKMDS,202010,T1006,M100601,2017,,road,road_10,,,,,,,22163,
HKMDS,202010,T1006,M100601,2018,,road,road_10,,,,,,,22456,
HKMDS,202010,T1006,M100601,2019,,road,road_10,,,,,,,21479,
HKMDS,202010,T1006,M100601,2019,05,road,road_10,,,,,,,1803,
HKMDS,202010,T1006,M100601,2019,06,road,road_10,,,,,,,1723,
HKMDS,202010,T1006,M100601,2019,07,road,road_10,,,,,,,1790,
HKMDS,202010,T1006,M100601,2019,08,road,road_10,,,,,,,1792,
HKMDS,202010,T1006,M100601,2019,09,road,road_10,,,,,,,1751,
HKMDS,202010,T1006,M100601,2019,10,road,road_10,,,,,,,1800,
HKMDS,202010,T1006,M100601,2019,11,road,road_10,,,,,,,2000,
HKMDS,202010,T1006,M100601,2019,12,road,road_10,,,,,,,1814,
HKMDS,202010,T1006,M100601,2020,01,road,road_10,,,,,,,1747,
HKMDS,202010,T1006,M100601,2020,02,road,road_10,,,,,,,1164,
HKMDS,202010,T1006,M100601,2020,03,road,road_10,,,,,,,1322,
HKMDS,202010,T1006,M100601,2020,04,road,road_10,,,,,,,1201,
HKMDS,202010,T1006,M100601,2020,05,road,road_10,,,,,,,1386,
HKMDS,202010,T1006,M100601,2020,06,road,road_10,,,,,,,1457,
HKMDS,202010,T1006,M100601,2020,07,road,road_10,,,,,,,1401,
HKMDS,202010,T1006,M100601,2017,,road,road_11,,,,,,,34077,
HKMDS,202010,T1006,M100601,2018,,road,road_11,,,,,,,35328,
HKMDS,202010,T1006,M100601,2019,,road,road_11,,,,,,,35561,
HKMDS,202010,T1006,M100601,2019,05,road,road_11,,,,,,,3041,
HKMDS,202010,T1006,M100601,2019,06,road,road_11,,,,,,,2993,
HKMDS,202010,T1006,M100601,2019,07,road,road_11,,,,,,,3066,
HKMDS,202010,T1006,M100601,2019,08,road,road_11,,,,,,,2920,
HKMDS,202010,T1006,M100601,2019,09,road,road_11,,,,,,,2747,
HKMDS,202010,T1006,M100601,2019,10,road,road_11,,,,,,,3024,
HKMDS,202010,T1006,M100601,2019,11,road,road_11,,,,,,,2979,
HKMDS,202010,T1006,M100601,2019,12,road,road_11,,,,,,,2960,
HKMDS,202010,T1006,M100601,2020,01,road,road_11,,,,,,,2808,
HKMDS,202010,T1006,M100601,2020,02,road,road_11,,,,,,,1727,
HKMDS,202010,T1006,M100601,2020,03,road,road_11,,,,,,,1643,
HKMDS,202010,T1006,M100601,2020,04,road,road_11,,,,,,,1289,
HKMDS,202010,T1006,M100601,2020,05,road,road_11,,,,,,,1423,
HKMDS,202010,T1006,M100601,2020,06,road,road_11,,,,,,,1492,
HKMDS,202010,T1006,M100601,2020,07,road,road_11,,,,,,,1508,
HKMDS,202010,T1006,M100601,2017,,road,road_12,,,,,,,842,
HKMDS,202010,T1006,M100601,2018,,road,road_12,,,,,,,870,
HKMDS,202010,T1006,M100601,2019,,road,road_12,,,,,,,879,
HKMDS,202010,T1006,M100601,2019,05,road,road_12,,,,,,,77,
HKMDS,202010,T1006,M100601,2019,06,road,road_12,,,,,,,73,
HKMDS,202010,T1006,M100601,2019,07,road,road_12,,,,,,,67,
HKMDS,202010,T1006,M100601,2019,08,road,road_12,,,,,,,72,
HKMDS,202010,T1006,M100601,2019,09,road,road_12,,,,,,,74,
HKMDS,202010,T1006,M100601,2019,10,road,road_12,,,,,,,74,
HKMDS,202010,T1006,M100601,2019,11,road,road_12,,,,,,,77,
HKMDS,202010,T1006,M100601,2019,12,road,road_12,,,,,,,72,
HKMDS,202010,T1006,M100601,2020,01,road,road_12,,,,,,,67,
HKMDS,202010,T1006,M100601,2020,02,road,road_12,,,,,,,50,
HKMDS,202010,T1006,M100601,2020,03,road,road_12,,,,,,,55,
HKMDS,202010,T1006,M100601,2020,04,road,road_12,,,,,,,53,
HKMDS,202010,T1006,M100601,2020,05,road,road_12,,,,,,,62,
HKMDS,202010,T1006,M100601,2020,06,road,road_12,,,,,,,69,
HKMDS,202010,T1006,M100601,2020,07,road,road_12,,,,,,,67,
HKMDS,202010,T1006,M100601,2017,,road,road_13,,,,,,,20955,
HKMDS,202010,T1006,M100601,2018,,road,road_13,,,,,,,21955,
HKMDS,202010,T1006,M100601,2019,,road,road_13,,,,,,,22499,
HKMDS,202010,T1006,M100601,2019,05,road,road_13,,,,,,,1909,
HKMDS,202010,T1006,M100601,2019,06,road,road_13,,,,,,,1830,
HKMDS,202010,T1006,M100601,2019,07,road,road_13,,,,,,,1865,
HKMDS,202010,T1006,M100601,2019,08,road,road_13,,,,,,,1870,
HKMDS,202010,T1006,M100601,2019,09,road,road_13,,,,,,,1890,
HKMDS,202010,T1006,M100601,2019,10,road,road_13,,,,,,,1938,
HKMDS,202010,T1006,M100601,2019,11,road,road_13,,,,,,,1957,
HKMDS,202010,T1006,M100601,2019,12,road,road_13,,,,,,,1947,
HKMDS,202010,T1006,M100601,2020,01,road,road_13,,,,,,,1859,
HKMDS,202010,T1006,M100601,2020,02,road,road_13,,,,,,,1381,
HKMDS,202010,T1006,M100601,2020,03,road,road_13,,,,,,,1549,
HKMDS,202010,T1006,M100601,2020,04,road,road_13,,,,,,,1405,
HKMDS,202010,T1006,M100601,2020,05,road,road_13,,,,,,,1667,
HKMDS,202010,T1006,M100601,2020,06,road,road_13,,,,,,,1791,
HKMDS,202010,T1006,M100601,2020,07,road,road_13,,,,,,,1662,
HKMDS,202010,T1006,M100601,2017,,road,road_14,,,,,,,41,
HKMDS,202010,T1006,M100601,2018,,road,road_14,,,,,,,36,
HKMDS,202010,T1006,M100601,2019,,road,road_14,,,,,,,32,
HKMDS,202010,T1006,M100601,2019,05,road,road_14,,,,,,,3,
HKMDS,202010,T1006,M100601,2019,06,road,road_14,,,,,,,3,
HKMDS,202010,T1006,M100601,2019,07,road,road_14,,,,,,,3,
HKMDS,202010,T1006,M100601,2019,08,road,road_14,,,,,,,3,
HKMDS,202010,T1006,M100601,2019,09,road,road_14,,,,,,,3,
HKMDS,202010,T1006,M100601,2019,10,road,road_14,,,,,,,3,
HKMDS,202010,T1006,M100601,2019,11,road,road_14,,,,,,,3,
HKMDS,202010,T1006,M100601,2019,12,road,road_14,,,,,,,3,
HKMDS,202010,T1006,M100601,2020,01,road,road_14,,,,,,,3,
HKMDS,202010,T1006,M100601,2020,02,road,road_14,,,,,,,2,
HKMDS,202010,T1006,M100601,2020,03,road,road_14,,,,,,,2,
HKMDS,202010,T1006,M100601,2020,04,road,road_14,,,,,,,2,
HKMDS,202010,T1006,M100601,2020,05,road,road_14,,,,,,,3,
HKMDS,202010,T1006,M100601,2020,06,road,road_14,,,,,,,3,
HKMDS,202010,T1006,M100601,2020,07,road,road_14,,,,,,,3,
HKMDS,202010,T1007,M100701,2017,,region,region_01,,,,,,,2751,
HKMDS,202010,T1007,M100701,2018,,region,region_01,,,,,,,2864,
HKMDS,202010,T1007,M100701,2019,,region,region_01,,,,,,,2720,
HKMDS,202010,T1007,M100701,2019,06,region,region_01,,,,,,,242,
HKMDS,202010,T1007,M100701,2019,07,region,region_01,,,,,,,232,
HKMDS,202010,T1007,M100701,2019,08,region,region_01,,,,,,,208,
HKMDS,202010,T1007,M100701,2019,09,region,region_01,,,,,,,223,
HKMDS,202010,T1007,M100701,2019,10,region,region_01,,,,,,,226,
HKMDS,202010,T1007,M100701,2019,11,region,region_01,,,,,,,207,
HKMDS,202010,T1007,M100701,2019,12,region,region_01,,,,,,,223,
HKMDS,202010,T1007,M100701,2020,01,region,region_01,,,,,,,222,
HKMDS,202010,T1007,M100701,2020,02,region,region_01,,,,,,,144,
HKMDS,202010,T1007,M100701,2020,03,region,region_01,,,,,,,194,
HKMDS,202010,T1007,M100701,2020,04,region,region_01,,,,,,,163,
HKMDS,202010,T1007,M100701,2020,05,region,region_01,,,,,,,212,
HKMDS,202010,T1007,M100701,2020,06,region,region_01,,,,,,,224,
HKMDS,202010,T1007,M100701,2020,07,region,region_01,,,,,,,175,
HKMDS,202010,T1007,M100701,2020,08,region,region_01,,,,,,,176,
HKMDS,202010,T1007,M100701,2017,,region,region_02,,,,,,,5691,
HKMDS,202010,T1007,M100701,2018,,region,region_02,,,,,,,5827,
HKMDS,202010,T1007,M100701,2019,,region,region_02,,,,,,,5909,
HKMDS,202010,T1007,M100701,2019,06,region,region_02,,,,,,,502,
HKMDS,202010,T1007,M100701,2019,07,region,region_02,,,,,,,478,
HKMDS,202010,T1007,M100701,2019,08,region,region_02,,,,,,,496,
HKMDS,202010,T1007,M100701,2019,09,region,region_02,,,,,,,477,
HKMDS,202010,T1007,M100701,2019,10,region,region_02,,,,,,,478,
HKMDS,202010,T1007,M100701,2019,11,region,region_02,,,,,,,502,
HKMDS,202010,T1007,M100701,2019,12,region,region_02,,,,,,,541,
HKMDS,202010,T1007,M100701,2020,01,region,region_02,,,,,,,532,
HKMDS,202010,T1007,M100701,2020,02,region,region_02,,,,,,,334,
HKMDS,202010,T1007,M100701,2020,03,region,region_02,,,,,,,468,
HKMDS,202010,T1007,M100701,2020,04,region,region_02,,,,,,,343,
HKMDS,202010,T1007,M100701,2020,05,region,region_02,,,,,,,436,
HKMDS,202010,T1007,M100701,2020,06,region,region_02,,,,,,,504,
HKMDS,202010,T1007,M100701,2020,07,region,region_02,,,,,,,432,
HKMDS,202010,T1007,M100701,2020,08,region,region_02,,,,,,,335,
HKMDS,202010,T1007,M100701,2017,,region,region_03,,,,,,,7283,
HKMDS,202010,T1007,M100701,2018,,region,region_03,,,,,,,7244,
HKMDS,202010,T1007,M100701,2019,,region,region_03,,,,,,,7473,
HKMDS,202010,T1007,M100701,2019,06,region,region_03,,,,,,,623,
HKMDS,202010,T1007,M100701,2019,07,region,region_03,,,,,,,649,
HKMDS,202010,T1007,M100701,2019,08,region,region_03,,,,,,,610,
HKMDS,202010,T1007,M100701,2019,09,region,region_03,,,,,,,629,
HKMDS,202010,T1007,M100701,2019,10,region,region_03,,,,,,,660,
HKMDS,202010,T1007,M100701,2019,11,region,region_03,,,,,,,658,
HKMDS,202010,T1007,M100701,2019,12,region,region_03,,,,,,,675,
HKMDS,202010,T1007,M100701,2020,01,region,region_03,,,,,,,630,
HKMDS,202010,T1007,M100701,2020,02,region,region_03,,,,,,,468,
HKMDS,202010,T1007,M100701,2020,03,region,region_03,,,,,,,537,
HKMDS,202010,T1007,M100701,2020,04,region,region_03,,,,,,,513,
HKMDS,202010,T1007,M100701,2020,05,region,region_03,,,,,,,637,
HKMDS,202010,T1007,M100701,2020,06,region,region_03,,,,,,,660,
HKMDS,202010,T1007,M100701,2020,07,region,region_03,,,,,,,626,
HKMDS,202010,T1007,M100701,2020,08,region,region_03,,,,,,,499,
HKMDS,202010,T1007,M100701,2017,,region,region_tt,,,,,,,15725,
HKMDS,202010,T1007,M100701,2018,,region,region_tt,,,,,,,15935,
HKMDS,202010,T1007,M100701,2019,,region,region_tt,,,,,,,16102,
HKMDS,202010,T1007,M100701,2019,06,region,region_tt,,,,,,,1367,
HKMDS,202010,T1007,M100701,2019,07,region,region_tt,,,,,,,1359,
HKMDS,202010,T1007,M100701,2019,08,region,region_tt,,,,,,,1314,
HKMDS,202010,T1007,M100701,2019,09,region,region_tt,,,,,,,1329,
HKMDS,202010,T1007,M100701,2019,10,region,region_tt,,,,,,,1364,
HKMDS,202010,T1007,M100701,2019,11,region,region_tt,,,,,,,1367,
HKMDS,202010,T1007,M100701,2019,12,region,region_tt,,,,,,,1439,
HKMDS,202010,T1007,M100701,2020,01,region,region_tt,,,,,,,1384,
HKMDS,202010,T1007,M100701,2020,02,region,region_tt,,,,,,,946,
HKMDS,202010,T1007,M100701,2020,03,region,region_tt,,,,,,,1199,
HKMDS,202010,T1007,M100701,2020,04,region,region_tt,,,,,,,1019,
HKMDS,202010,T1007,M100701,2020,05,region,region_tt,,,,,,,1285,
HKMDS,202010,T1007,M100701,2020,06,region,region_tt,,,,,,,1388,
HKMDS,202010,T1007,M100701,2020,07,region,region_tt,,,,,,,1233,
HKMDS,202010,T1007,M100701,2020,08,region,region_tt,,,,,,,1010,
HKMDS,202010,T1007,M100702,2017,,region,region_01,situation,situation_01,,,,,8,
HKMDS,202010,T1007,M100702,2018,,region,region_01,situation,situation_01,,,,,23,
HKMDS,202010,T1007,M100702,2019,,region,region_01,situation,situation_01,,,,,14,
HKMDS,202010,T1007,M100702,2019,06,region,region_01,situation,situation_01,,,,,3,
HKMDS,202010,T1007,M100702,2019,07,region,region_01,situation,situation_01,,,,,1,
HKMDS,202010,T1007,M100702,2019,08,region,region_01,situation,situation_01,,,,,0,
HKMDS,202010,T1007,M100702,2019,09,region,region_01,situation,situation_01,,,,,1,
HKMDS,202010,T1007,M100702,2019,10,region,region_01,situation,situation_01,,,,,1,
HKMDS,202010,T1007,M100702,2019,11,region,region_01,situation,situation_01,,,,,1,
HKMDS,202010,T1007,M100702,2019,12,region,region_01,situation,situation_01,,,,,0,
HKMDS,202010,T1007,M100702,2020,01,region,region_01,situation,situation_01,,,,,2,
HKMDS,202010,T1007,M100702,2020,02,region,region_01,situation,situation_01,,,,,1,
HKMDS,202010,T1007,M100702,2020,03,region,region_01,situation,situation_01,,,,,1,
HKMDS,202010,T1007,M100702,2020,04,region,region_01,situation,situation_01,,,,,1,
HKMDS,202010,T1007,M100702,2020,05,region,region_01,situation,situation_01,,,,,3,
HKMDS,202010,T1007,M100702,2020,06,region,region_01,situation,situation_01,,,,,0,
HKMDS,202010,T1007,M100702,2020,07,region,region_01,situation,situation_01,,,,,2,
HKMDS,202010,T1007,M100702,2020,08,region,region_01,situation,situation_01,,,,,2,
HKMDS,202010,T1007,M100702,2017,,region,region_01,situation,situation_02,,,,,462,
HKMDS,202010,T1007,M100702,2018,,region,region_01,situation,situation_02,,,,,465,
HKMDS,202010,T1007,M100702,2019,,region,region_01,situation,situation_02,,,,,441,
HKMDS,202010,T1007,M100702,2019,06,region,region_01,situation,situation_02,,,,,39,
HKMDS,202010,T1007,M100702,2019,07,region,region_01,situation,situation_02,,,,,33,
HKMDS,202010,T1007,M100702,2019,08,region,region_01,situation,situation_02,,,,,35,
HKMDS,202010,T1007,M100702,2019,09,region,region_01,situation,situation_02,,,,,28,
HKMDS,202010,T1007,M100702,2019,10,region,region_01,situation,situation_02,,,,,35,
HKMDS,202010,T1007,M100702,2019,11,region,region_01,situation,situation_02,,,,,24,
HKMDS,202010,T1007,M100702,2019,12,region,region_01,situation,situation_02,,,,,22,
HKMDS,202010,T1007,M100702,2020,01,region,region_01,situation,situation_02,,,,,23,
HKMDS,202010,T1007,M100702,2020,02,region,region_01,situation,situation_02,,,,,24,
HKMDS,202010,T1007,M100702,2020,03,region,region_01,situation,situation_02,,,,,41,
HKMDS,202010,T1007,M100702,2020,04,region,region_01,situation,situation_02,,,,,30,
HKMDS,202010,T1007,M100702,2020,05,region,region_01,situation,situation_02,,,,,40,
HKMDS,202010,T1007,M100702,2020,06,region,region_01,situation,situation_02,,,,,22,
HKMDS,202010,T1007,M100702,2020,07,region,region_01,situation,situation_02,,,,,28,
HKMDS,202010,T1007,M100702,2020,08,region,region_01,situation,situation_02,,,,,14,
HKMDS,202010,T1007,M100702,2017,,region,region_01,situation,situation_03,,,,,2819,
HKMDS,202010,T1007,M100702,2018,,region,region_01,situation,situation_03,,,,,2862,
HKMDS,202010,T1007,M100702,2019,,region,region_01,situation,situation_03,,,,,2716,
HKMDS,202010,T1007,M100702,2019,06,region,region_01,situation,situation_03,,,,,227,
HKMDS,202010,T1007,M100702,2019,07,region,region_01,situation,situation_03,,,,,234,
HKMDS,202010,T1007,M100702,2019,08,region,region_01,situation,situation_03,,,,,219,
HKMDS,202010,T1007,M100702,2019,09,region,region_01,situation,situation_03,,,,,245,
HKMDS,202010,T1007,M100702,2019,10,region,region_01,situation,situation_03,,,,,223,
HKMDS,202010,T1007,M100702,2019,11,region,region_01,situation,situation_03,,,,,205,
HKMDS,202010,T1007,M100702,2019,12,region,region_01,situation,situation_03,,,,,233,
HKMDS,202010,T1007,M100702,2020,01,region,region_01,situation,situation_03,,,,,249,
HKMDS,202010,T1007,M100702,2020,02,region,region_01,situation,situation_03,,,,,136,
HKMDS,202010,T1007,M100702,2020,03,region,region_01,situation,situation_03,,,,,177,
HKMDS,202010,T1007,M100702,2020,04,region,region_01,situation,situation_03,,,,,157,
HKMDS,202010,T1007,M100702,2020,05,region,region_01,situation,situation_03,,,,,207,
HKMDS,202010,T1007,M100702,2020,06,region,region_01,situation,situation_03,,,,,243,
HKMDS,202010,T1007,M100702,2020,07,region,region_01,situation,situation_03,,,,,166,
HKMDS,202010,T1007,M100702,2020,08,region,region_01,situation,situation_03,,,,,192,
HKMDS,202010,T1007,M100702,2017,,region,region_02,situation,situation_01,,,,,52,
HKMDS,202010,T1007,M100702,2018,,region,region_02,situation,situation_01,,,,,33,
HKMDS,202010,T1007,M100702,2019,,region,region_02,situation,situation_01,,,,,38,
HKMDS,202010,T1007,M100702,2019,06,region,region_02,situation,situation_01,,,,,4,
HKMDS,202010,T1007,M100702,2019,07,region,region_02,situation,situation_01,,,,,1,
HKMDS,202010,T1007,M100702,2019,08,region,region_02,situation,situation_01,,,,,2,
HKMDS,202010,T1007,M100702,2019,09,region,region_02,situation,situation_01,,,,,5,
HKMDS,202010,T1007,M100702,2019,10,region,region_02,situation,situation_01,,,,,3,
HKMDS,202010,T1007,M100702,2019,11,region,region_02,situation,situation_01,,,,,3,
HKMDS,202010,T1007,M100702,2019,12,region,region_02,situation,situation_01,,,,,3,
HKMDS,202010,T1007,M100702,2020,01,region,region_02,situation,situation_01,,,,,6,
HKMDS,202010,T1007,M100702,2020,02,region,region_02,situation,situation_01,,,,,2,
HKMDS,202010,T1007,M100702,2020,03,region,region_02,situation,situation_01,,,,,3,
HKMDS,202010,T1007,M100702,2020,04,region,region_02,situation,situation_01,,,,,4,
HKMDS,202010,T1007,M100702,2020,05,region,region_02,situation,situation_01,,,,,2,
HKMDS,202010,T1007,M100702,2020,06,region,region_02,situation,situation_01,,,,,5,
HKMDS,202010,T1007,M100702,2020,07,region,region_02,situation,situation_01,,,,,2,
HKMDS,202010,T1007,M100702,2020,08,region,region_02,situation,situation_01,,,,,4,
HKMDS,202010,T1007,M100702,2017,,region,region_02,situation,situation_02,,,,,579,
HKMDS,202010,T1007,M100702,2018,,region,region_02,situation,situation_02,,,,,548,
HKMDS,202010,T1007,M100702,2019,,region,region_02,situation,situation_02,,,,,508,
HKMDS,202010,T1007,M100702,2019,06,region,region_02,situation,situation_02,,,,,50,
HKMDS,202010,T1007,M100702,2019,07,region,region_02,situation,situation_02,,,,,41,
HKMDS,202010,T1007,M100702,2019,08,region,region_02,situation,situation_02,,,,,32,
HKMDS,202010,T1007,M100702,2019,09,region,region_02,situation,situation_02,,,,,33,
HKMDS,202010,T1007,M100702,2019,10,region,region_02,situation,situation_02,,,,,20,
HKMDS,202010,T1007,M100702,2019,11,region,region_02,situation,situation_02,,,,,41,
HKMDS,202010,T1007,M100702,2019,12,region,region_02,situation,situation_02,,,,,26,
HKMDS,202010,T1007,M100702,2020,01,region,region_02,situation,situation_02,,,,,38,
HKMDS,202010,T1007,M100702,2020,02,region,region_02,situation,situation_02,,,,,25,
HKMDS,202010,T1007,M100702,2020,03,region,region_02,situation,situation_02,,,,,44,
HKMDS,202010,T1007,M100702,2020,04,region,region_02,situation,situation_02,,,,,29,
HKMDS,202010,T1007,M100702,2020,05,region,region_02,situation,situation_02,,,,,34,
HKMDS,202010,T1007,M100702,2020,06,region,region_02,situation,situation_02,,,,,39,
HKMDS,202010,T1007,M100702,2020,07,region,region_02,situation,situation_02,,,,,28,
HKMDS,202010,T1007,M100702,2020,08,region,region_02,situation,situation_02,,,,,21,
HKMDS,202010,T1007,M100702,2017,,region,region_02,situation,situation_03,,,,,6482,
HKMDS,202010,T1007,M100702,2018,,region,region_02,situation,situation_03,,,,,6488,
HKMDS,202010,T1007,M100702,2019,,region,region_02,situation,situation_03,,,,,6734,
HKMDS,202010,T1007,M100702,2019,06,region,region_02,situation,situation_03,,,,,559,
HKMDS,202010,T1007,M100702,2019,07,region,region_02,situation,situation_03,,,,,554,
HKMDS,202010,T1007,M100702,2019,08,region,region_02,situation,situation_03,,,,,579,
HKMDS,202010,T1007,M100702,2019,09,region,region_02,situation,situation_03,,,,,548,
HKMDS,202010,T1007,M100702,2019,10,region,region_02,situation,situation_03,,,,,555,
HKMDS,202010,T1007,M100702,2019,11,region,region_02,situation,situation_03,,,,,571,
HKMDS,202010,T1007,M100702,2019,12,region,region_02,situation,situation_03,,,,,626,
HKMDS,202010,T1007,M100702,2020,01,region,region_02,situation,situation_03,,,,,618,
HKMDS,202010,T1007,M100702,2020,02,region,region_02,situation,situation_03,,,,,366,
HKMDS,202010,T1007,M100702,2020,03,region,region_02,situation,situation_03,,,,,525,
HKMDS,202010,T1007,M100702,2020,04,region,region_02,situation,situation_03,,,,,371,
HKMDS,202010,T1007,M100702,2020,05,region,region_02,situation,situation_03,,,,,504,
HKMDS,202010,T1007,M100702,2020,06,region,region_02,situation,situation_03,,,,,569,
HKMDS,202010,T1007,M100702,2020,07,region,region_02,situation,situation_03,,,,,469,
HKMDS,202010,T1007,M100702,2020,08,region,region_02,situation,situation_03,,,,,370,
HKMDS,202010,T1007,M100702,2017,,region,region_03,situation,situation_01,,,,,48,
HKMDS,202010,T1007,M100702,2018,,region,region_03,situation,situation_01,,,,,79,
HKMDS,202010,T1007,M100702,2019,,region,region_03,situation,situation_01,,,,,61,
HKMDS,202010,T1007,M100702,2019,06,region,region_03,situation,situation_01,,,,,1,
HKMDS,202010,T1007,M100702,2019,07,region,region_03,situation,situation_01,,,,,3,
HKMDS,202010,T1007,M100702,2019,08,region,region_03,situation,situation_01,,,,,8,
HKMDS,202010,T1007,M100702,2019,09,region,region_03,situation,situation_01,,,,,3,
HKMDS,202010,T1007,M100702,2019,10,region,region_03,situation,situation_01,,,,,6,
HKMDS,202010,T1007,M100702,2019,11,region,region_03,situation,situation_01,,,,,7,
HKMDS,202010,T1007,M100702,2019,12,region,region_03,situation,situation_01,,,,,13,
HKMDS,202010,T1007,M100702,2020,01,region,region_03,situation,situation_01,,,,,7,
HKMDS,202010,T1007,M100702,2020,02,region,region_03,situation,situation_01,,,,,6,
HKMDS,202010,T1007,M100702,2020,03,region,region_03,situation,situation_01,,,,,3,
HKMDS,202010,T1007,M100702,2020,04,region,region_03,situation,situation_01,,,,,0,
HKMDS,202010,T1007,M100702,2020,05,region,region_03,situation,situation_01,,,,,6,
HKMDS,202010,T1007,M100702,2020,06,region,region_03,situation,situation_01,,,,,4,
HKMDS,202010,T1007,M100702,2020,07,region,region_03,situation,situation_01,,,,,5,
HKMDS,202010,T1007,M100702,2020,08,region,region_03,situation,situation_01,,,,,4,
HKMDS,202010,T1007,M100702,2017,,region,region_03,situation,situation_02,,,,,1173,
HKMDS,202010,T1007,M100702,2018,,region,region_03,situation,situation_02,,,,,827,
HKMDS,202010,T1007,M100702,2019,,region,region_03,situation,situation_02,,,,,1047,
HKMDS,202010,T1007,M100702,2019,06,region,region_03,situation,situation_02,,,,,74,
HKMDS,202010,T1007,M100702,2019,07,region,region_03,situation,situation_02,,,,,110,
HKMDS,202010,T1007,M100702,2019,08,region,region_03,situation,situation_02,,,,,99,
HKMDS,202010,T1007,M100702,2019,09,region,region_03,situation,situation_02,,,,,91,
HKMDS,202010,T1007,M100702,2019,10,region,region_03,situation,situation_02,,,,,112,
HKMDS,202010,T1007,M100702,2019,11,region,region_03,situation,situation_02,,,,,77,
HKMDS,202010,T1007,M100702,2019,12,region,region_03,situation,situation_02,,,,,83,
HKMDS,202010,T1007,M100702,2020,01,region,region_03,situation,situation_02,,,,,103,
HKMDS,202010,T1007,M100702,2020,02,region,region_03,situation,situation_02,,,,,67,
HKMDS,202010,T1007,M100702,2020,03,region,region_03,situation,situation_02,,,,,67,
HKMDS,202010,T1007,M100702,2020,04,region,region_03,situation,situation_02,,,,,69,
HKMDS,202010,T1007,M100702,2020,05,region,region_03,situation,situation_02,,,,,95,
HKMDS,202010,T1007,M100702,2020,06,region,region_03,situation,situation_02,,,,,66,
HKMDS,202010,T1007,M100702,2020,07,region,region_03,situation,situation_02,,,,,68,
HKMDS,202010,T1007,M100702,2020,08,region,region_03,situation,situation_02,,,,,42,
HKMDS,202010,T1007,M100702,2017,,region,region_03,situation,situation_03,,,,,8265,
HKMDS,202010,T1007,M100702,2018,,region,region_03,situation,situation_03,,,,,8312,
HKMDS,202010,T1007,M100702,2019,,region,region_03,situation,situation_03,,,,,8659,
HKMDS,202010,T1007,M100702,2019,06,region,region_03,situation,situation_03,,,,,688,
HKMDS,202010,T1007,M100702,2019,07,region,region_03,situation,situation_03,,,,,833,
HKMDS,202010,T1007,M100702,2019,08,region,region_03,situation,situation_03,,,,,725,
HKMDS,202010,T1007,M100702,2019,09,region,region_03,situation,situation_03,,,,,701,
HKMDS,202010,T1007,M100702,2019,10,region,region_03,situation,situation_03,,,,,724,
HKMDS,202010,T1007,M100702,2019,11,region,region_03,situation,situation_03,,,,,737,
HKMDS,202010,T1007,M100702,2019,12,region,region_03,situation,situation_03,,,,,793,
HKMDS,202010,T1007,M100702,2020,01,region,region_03,situation,situation_03,,,,,695,
HKMDS,202010,T1007,M100702,2020,02,region,region_03,situation,situation_03,,,,,503,
HKMDS,202010,T1007,M100702,2020,03,region,region_03,situation,situation_03,,,,,574,
HKMDS,202010,T1007,M100702,2020,04,region,region_03,situation,situation_03,,,,,506,
HKMDS,202010,T1007,M100702,2020,05,region,region_03,situation,situation_03,,,,,670,
HKMDS,202010,T1007,M100702,2020,06,region,region_03,situation,situation_03,,,,,743,
HKMDS,202010,T1007,M100702,2020,07,region,region_03,situation,situation_03,,,,,682,
HKMDS,202010,T1007,M100702,2020,08,region,region_03,situation,situation_03,,,,,514,
HKMDS,202010,T1007,M100702,2017,,region,region_tt,,,,,,,19888,
HKMDS,202010,T1007,M100702,2018,,region,region_tt,,,,,,,19637,
HKMDS,202010,T1007,M100702,2019,,region,region_tt,,,,,,,20218,
HKMDS,202010,T1007,M100702,2019,06,region,region_tt,,,,,,,1645,
HKMDS,202010,T1007,M100702,2019,07,region,region_tt,,,,,,,1810,
HKMDS,202010,T1007,M100702,2019,08,region,region_tt,,,,,,,1699,
HKMDS,202010,T1007,M100702,2019,09,region,region_tt,,,,,,,1655,
HKMDS,202010,T1007,M100702,2019,10,region,region_tt,,,,,,,1679,
HKMDS,202010,T1007,M100702,2019,11,region,region_tt,,,,,,,1666,
HKMDS,202010,T1007,M100702,2019,12,region,region_tt,,,,,,,1799,
HKMDS,202010,T1007,M100702,2020,01,region,region_tt,,,,,,,1741,
HKMDS,202010,T1007,M100702,2020,02,region,region_tt,,,,,,,1130,
HKMDS,202010,T1007,M100702,2020,03,region,region_tt,,,,,,,1435,
HKMDS,202010,T1007,M100702,2020,04,region,region_tt,,,,,,,1167,
HKMDS,202010,T1007,M100702,2020,05,region,region_tt,,,,,,,1561,
HKMDS,202010,T1007,M100702,2020,06,region,region_tt,,,,,,,1691,
HKMDS,202010,T1007,M100702,2020,07,region,region_tt,,,,,,,1450,
HKMDS,202010,T1007,M100702,2020,08,region,region_tt,,,,,,,1163,
HKMDS,202010,T1008,M100801,2017,,controlp,controlp_01,,,,,,,25868538,
HKMDS,202010,T1008,M100801,2018,,controlp,controlp_01,,,,,,,27111892,
HKMDS,202010,T1008,M100801,2019,,controlp,controlp_01,,,,,,,24842868,
HKMDS,202010,T1008,M100801,2019,07,controlp,controlp_01,,,,,,,2292379,
HKMDS,202010,T1008,M100801,2019,08,controlp,controlp_01,,,,,,,2102621,
HKMDS,202010,T1008,M100801,2019,09,controlp,controlp_01,,,,,,,1549602,
HKMDS,202010,T1008,M100801,2019,10,controlp,controlp_01,,,,,,,1863917,
HKMDS,202010,T1008,M100801,2019,11,controlp,controlp_01,,,,,,,1635300,
HKMDS,202010,T1008,M100801,2019,12,controlp,controlp_01,,,,,,,1861650,
HKMDS,202010,T1008,M100801,2020,01,controlp,controlp_01,,,,,,,1773248,
HKMDS,202010,T1008,M100801,2020,02,controlp,controlp_01,,,,,,,664773,
HKMDS,202010,T1008,M100801,2020,03,controlp,controlp_01,,,,,,,264275,
HKMDS,202010,T1008,M100801,2020,04,controlp,controlp_01,,,,,,,18365,
HKMDS,202010,T1008,M100801,2020,05,controlp,controlp_01,,,,,,,23764,
HKMDS,202010,T1008,M100801,2020,06,controlp,controlp_01,,,,,,,31853,
HKMDS,202010,T1008,M100801,2020,07,controlp,controlp_01,,,,,,,34852,
HKMDS,202010,T1008,M100801,2020,08,controlp,controlp_01,,,,,,,21442,
HKMDS,202010,T1008,M100801,2020,09,controlp,controlp_01,,,,,,,30371,
HKMDS,202010,T1008,M100801,2017,,controlp,controlp_02,,,,,,,30223,
HKMDS,202010,T1008,M100801,2018,,controlp,controlp_02,,,,,,,30932,
HKMDS,202010,T1008,M100801,2019,,controlp,controlp_02,,,,,,,30160,
HKMDS,202010,T1008,M100801,2019,07,controlp,controlp_02,,,,,,,2230,
HKMDS,202010,T1008,M100801,2019,08,controlp,controlp_02,,,,,,,3508,
HKMDS,202010,T1008,M100801,2019,09,controlp,controlp_02,,,,,,,1758,
HKMDS,202010,T1008,M100801,2019,10,controlp,controlp_02,,,,,,,2410,
HKMDS,202010,T1008,M100801,2019,11,controlp,controlp_02,,,,,,,2100,
HKMDS,202010,T1008,M100801,2019,12,controlp,controlp_02,,,,,,,3401,
HKMDS,202010,T1008,M100801,2020,01,controlp,controlp_02,,,,,,,3908,
HKMDS,202010,T1008,M100801,2020,02,controlp,controlp_02,,,,,,,1590,
HKMDS,202010,T1008,M100801,2020,03,controlp,controlp_02,,,,,,,1930,
HKMDS,202010,T1008,M100801,2020,04,controlp,controlp_02,,,,,,,660,
HKMDS,202010,T1008,M100801,2020,05,controlp,controlp_02,,,,,,,857,
HKMDS,202010,T1008,M100801,2020,06,controlp,controlp_02,,,,,,,3422,
HKMDS,202010,T1008,M100801,2020,07,controlp,controlp_02,,,,,,,7967,
HKMDS,202010,T1008,M100801,2020,08,controlp,controlp_02,,,,,,,1735,
HKMDS,202010,T1008,M100801,2020,09,controlp,controlp_02,,,,,,,1427,
HKMDS,202010,T1008,M100801,2017,,controlp,controlp_0301,,,,,,,7476816,
HKMDS,202010,T1008,M100801,2018,,controlp,controlp_0301,,,,,,,7222125,
HKMDS,202010,T1008,M100801,2019,,controlp,controlp_0301,,,,,,,5088686,
HKMDS,202010,T1008,M100801,2019,07,controlp,controlp_0301,,,,,,,446179,
HKMDS,202010,T1008,M100801,2019,08,controlp,controlp_0301,,,,,,,397083,
HKMDS,202010,T1008,M100801,2019,09,controlp,controlp_0301,,,,,,,346996,
HKMDS,202010,T1008,M100801,2019,10,controlp,controlp_0301,,,,,,,334627,
HKMDS,202010,T1008,M100801,2019,11,controlp,controlp_0301,,,,,,,314865,
HKMDS,202010,T1008,M100801,2019,12,controlp,controlp_0301,,,,,,,371516,
HKMDS,202010,T1008,M100801,2020,01,controlp,controlp_0301,,,,,,,298651,
HKMDS,202010,T1008,M100801,2020,02,controlp,controlp_0301,,,,,,,11577,
HKMDS,202010,T1008,M100801,2020,03,controlp,controlp_0301,,,,,,,0,
HKMDS,202010,T1008,M100801,2020,04,controlp,controlp_0301,,,,,,,0,
HKMDS,202010,T1008,M100801,2020,05,controlp,controlp_0301,,,,,,,0,
HKMDS,202010,T1008,M100801,2020,06,controlp,controlp_0301,,,,,,,0,
HKMDS,202010,T1008,M100801,2020,07,controlp,controlp_0301,,,,,,,0,
HKMDS,202010,T1008,M100801,2020,08,controlp,controlp_0301,,,,,,,0,
HKMDS,202010,T1008,M100801,2020,09,controlp,controlp_0301,,,,,,,0,
HKMDS,202010,T1008,M100801,2017,,controlp,controlp_0302,,,,,,,23740,
HKMDS,202010,T1008,M100801,2018,,controlp,controlp_0302,,,,,,,23230,
HKMDS,202010,T1008,M100801,2019,,controlp,controlp_0302,,,,,,,11238,
HKMDS,202010,T1008,M100801,2019,07,controlp,controlp_0302,,,,,,,971,
HKMDS,202010,T1008,M100801,2019,08,controlp,controlp_0302,,,,,,,673,
HKMDS,202010,T1008,M100801,2019,09,controlp,controlp_0302,,,,,,,797,
HKMDS,202010,T1008,M100801,2019,10,controlp,controlp_0302,,,,,,,873,
HKMDS,202010,T1008,M100801,2019,11,controlp,controlp_0302,,,,,,,679,
HKMDS,202010,T1008,M100801,2019,12,controlp,controlp_0302,,,,,,,771,
HKMDS,202010,T1008,M100801,2020,01,controlp,controlp_0302,,,,,,,689,
HKMDS,202010,T1008,M100801,2020,02,controlp,controlp_0302,,,,,,,29,
HKMDS,202010,T1008,M100801,2020,03,controlp,controlp_0302,,,,,,,0,
HKMDS,202010,T1008,M100801,2020,04,controlp,controlp_0302,,,,,,,0,
HKMDS,202010,T1008,M100801,2020,05,controlp,controlp_0302,,,,,,,0,
HKMDS,202010,T1008,M100801,2020,06,controlp,controlp_0302,,,,,,,0,
HKMDS,202010,T1008,M100801,2020,07,controlp,controlp_0302,,,,,,,0,
HKMDS,202010,T1008,M100801,2020,08,controlp,controlp_0302,,,,,,,0,
HKMDS,202010,T1008,M100801,2020,09,controlp,controlp_0302,,,,,,,0,
HKMDS,202010,T1008,M100801,2017,,controlp,controlp_04,,,,,,,3303652,
HKMDS,202010,T1008,M100801,2018,,controlp,controlp_04,,,,,,,3282749,
HKMDS,202010,T1008,M100801,2019,,controlp,controlp_04,,,,,,,1824680,
HKMDS,202010,T1008,M100801,2019,07,controlp,controlp_04,,,,,,,159878,
HKMDS,202010,T1008,M100801,2019,08,controlp,controlp_04,,,,,,,127315,
HKMDS,202010,T1008,M100801,2019,09,controlp,controlp_04,,,,,,,105684,
HKMDS,202010,T1008,M100801,2019,10,controlp,controlp_04,,,,,,,117376,
HKMDS,202010,T1008,M100801,2019,11,controlp,controlp_04,,,,,,,101573,
HKMDS,202010,T1008,M100801,2019,12,controlp,controlp_04,,,,,,,122555,
HKMDS,202010,T1008,M100801,2020,01,controlp,controlp_04,,,,,,,101251,
HKMDS,202010,T1008,M100801,2020,02,controlp,controlp_04,,,,,,,0,
HKMDS,202010,T1008,M100801,2020,03,controlp,controlp_04,,,,,,,0,
HKMDS,202010,T1008,M100801,2020,04,controlp,controlp_04,,,,,,,0,
HKMDS,202010,T1008,M100801,2020,05,controlp,controlp_04,,,,,,,0,
HKMDS,202010,T1008,M100801,2020,06,controlp,controlp_04,,,,,,,0,
HKMDS,202010,T1008,M100801,2020,07,controlp,controlp_04,,,,,,,0,
HKMDS,202010,T1008,M100801,2020,08,controlp,controlp_04,,,,,,,0,
HKMDS,202010,T1008,M100801,2020,09,controlp,controlp_04,,,,,,,0,
HKMDS,202010,T1008,M100801,2017,,controlp,controlp_05,,,,,,,345891,
HKMDS,202010,T1008,M100801,2018,,controlp,controlp_05,,,,,,,365731,
HKMDS,202010,T1008,M100801,2019,,controlp,controlp_05,,,,,,,260556,
HKMDS,202010,T1008,M100801,2019,07,controlp,controlp_05,,,,,,,22405,
HKMDS,202010,T1008,M100801,2019,08,controlp,controlp_05,,,,,,,24582,
HKMDS,202010,T1008,M100801,2019,09,controlp,controlp_05,,,,,,,20528,
HKMDS,202010,T1008,M100801,2019,10,controlp,controlp_05,,,,,,,18968,
HKMDS,202010,T1008,M100801,2019,11,controlp,controlp_05,,,,,,,19320,
HKMDS,202010,T1008,M100801,2019,12,controlp,controlp_05,,,,,,,20014,
HKMDS,202010,T1008,M100801,2020,01,controlp,controlp_05,,,,,,,14269,
HKMDS,202010,T1008,M100801,2020,02,controlp,controlp_05,,,,,,,0,
HKMDS,202010,T1008,M100801,2020,03,controlp,controlp_05,,,,,,,0,
HKMDS,202010,T1008,M100801,2020,04,controlp,controlp_05,,,,,,,0,
HKMDS,202010,T1008,M100801,2020,05,controlp,controlp_05,,,,,,,0,
HKMDS,202010,T1008,M100801,2020,06,controlp,controlp_05,,,,,,,0,
HKMDS,202010,T1008,M100801,2020,07,controlp,controlp_05,,,,,,,0,
HKMDS,202010,T1008,M100801,2020,08,controlp,controlp_05,,,,,,,0,
HKMDS,202010,T1008,M100801,2020,09,controlp,controlp_05,,,,,,,0,
HKMDS,202010,T1008,M100801,2017,,controlp,controlp_06,,,,,,,77,
HKMDS,202010,T1008,M100801,2018,,controlp,controlp_06,,,,,,,36,
HKMDS,202010,T1008,M100801,2019,,controlp,controlp_06,,,,,,,67,
HKMDS,202010,T1008,M100801,2019,07,controlp,controlp_06,,,,,,,4,
HKMDS,202010,T1008,M100801,2019,08,controlp,controlp_06,,,,,,,3,
HKMDS,202010,T1008,M100801,2019,09,controlp,controlp_06,,,,,,,2,
HKMDS,202010,T1008,M100801,2019,10,controlp,controlp_06,,,,,,,6,
HKMDS,202010,T1008,M100801,2019,11,controlp,controlp_06,,,,,,,14,
HKMDS,202010,T1008,M100801,2019,12,controlp,controlp_06,,,,,,,3,
HKMDS,202010,T1008,M100801,2020,01,controlp,controlp_06,,,,,,,8,
HKMDS,202010,T1008,M100801,2020,02,controlp,controlp_06,,,,,,,0,
HKMDS,202010,T1008,M100801,2020,03,controlp,controlp_06,,,,,,,3,
HKMDS,202010,T1008,M100801,2020,04,controlp,controlp_06,,,,,,,0,
HKMDS,202010,T1008,M100801,2020,05,controlp,controlp_06,,,,,,,0,
HKMDS,202010,T1008,M100801,2020,06,controlp,controlp_06,,,,,,,0,
HKMDS,202010,T1008,M100801,2020,07,controlp,controlp_06,,,,,,,9,
HKMDS,202010,T1008,M100801,2020,08,controlp,controlp_06,,,,,,,0,
HKMDS,202010,T1008,M100801,2020,09,controlp,controlp_06,,,,,,,0,
HKMDS,202010,T1008,M100801,2017,,controlp,controlp_07,,,,,,,844871,
HKMDS,202010,T1008,M100801,2018,,controlp,controlp_07,,,,,,,867593,
HKMDS,202010,T1008,M100801,2019,,controlp,controlp_07,,,,,,,798412,
HKMDS,202010,T1008,M100801,2019,07,controlp,controlp_07,,,,,,,82246,
HKMDS,202010,T1008,M100801,2019,08,controlp,controlp_07,,,,,,,77274,
HKMDS,202010,T1008,M100801,2019,09,controlp,controlp_07,,,,,,,53106,
HKMDS,202010,T1008,M100801,2019,10,controlp,controlp_07,,,,,,,53938,
HKMDS,202010,T1008,M100801,2019,11,controlp,controlp_07,,,,,,,40423,
HKMDS,202010,T1008,M100801,2019,12,controlp,controlp_07,,,,,,,74083,
HKMDS,202010,T1008,M100801,2020,01,controlp,controlp_07,,,,,,,61111,
HKMDS,202010,T1008,M100801,2020,02,controlp,controlp_07,,,,,,,6781,
HKMDS,202010,T1008,M100801,2020,03,controlp,controlp_07,,,,,,,0,
HKMDS,202010,T1008,M100801,2020,04,controlp,controlp_07,,,,,,,0,
HKMDS,202010,T1008,M100801,2020,05,controlp,controlp_07,,,,,,,0,
HKMDS,202010,T1008,M100801,2020,06,controlp,controlp_07,,,,,,,0,
HKMDS,202010,T1008,M100801,2020,07,controlp,controlp_07,,,,,,,0,
HKMDS,202010,T1008,M100801,2020,08,controlp,controlp_07,,,,,,,0,
HKMDS,202010,T1008,M100801,2020,09,controlp,controlp_07,,,,,,,0,
HKMDS,202010,T1008,M100801,2017,,controlp,controlp_08,,,,,,,1932468,
HKMDS,202010,T1008,M100801,2018,,controlp,controlp_08,,,,,,,1925462,
HKMDS,202010,T1008,M100801,2019,,controlp,controlp_08,,,,,,,983886,
HKMDS,202010,T1008,M100801,2019,07,controlp,controlp_08,,,,,,,90696,
HKMDS,202010,T1008,M100801,2019,08,controlp,controlp_08,,,,,,,70652,
HKMDS,202010,T1008,M100801,2019,09,controlp,controlp_08,,,,,,,54855,
HKMDS,202010,T1008,M100801,2019,10,controlp,controlp_08,,,,,,,50459,
HKMDS,202010,T1008,M100801,2019,11,controlp,controlp_08,,,,,,,21830,
HKMDS,202010,T1008,M100801,2019,12,controlp,controlp_08,,,,,,,47615,
HKMDS,202010,T1008,M100801,2020,01,controlp,controlp_08,,,,,,,52782,
HKMDS,202010,T1008,M100801,2020,02,controlp,controlp_08,,,,,,,0,
HKMDS,202010,T1008,M100801,2020,03,controlp,controlp_08,,,,,,,0,
HKMDS,202010,T1008,M100801,2020,04,controlp,controlp_08,,,,,,,0,
HKMDS,202010,T1008,M100801,2020,05,controlp,controlp_08,,,,,,,0,
HKMDS,202010,T1008,M100801,2020,06,controlp,controlp_08,,,,,,,0,
HKMDS,202010,T1008,M100801,2020,07,controlp,controlp_08,,,,,,,0,
HKMDS,202010,T1008,M100801,2020,08,controlp,controlp_08,,,,,,,0,
HKMDS,202010,T1008,M100801,2020,09,controlp,controlp_08,,,,,,,0,
HKMDS,202010,T1008,M100801,2017,,controlp,controlp_09,,,,,,,40586738,
HKMDS,202010,T1008,M100801,2018,,controlp,controlp_09,,,,,,,42041402,
HKMDS,202010,T1008,M100801,2019,,controlp,controlp_09,,,,,,,38496458,
HKMDS,202010,T1008,M100801,2019,07,controlp,controlp_09,,,,,,,3411465,
HKMDS,202010,T1008,M100801,2019,08,controlp,controlp_09,,,,,,,3005628,
HKMDS,202010,T1008,M100801,2019,09,controlp,controlp_09,,,,,,,3033421,
HKMDS,202010,T1008,M100801,2019,10,controlp,controlp_09,,,,,,,2689012,
HKMDS,202010,T1008,M100801,2019,11,controlp,controlp_09,,,,,,,2234090,
HKMDS,202010,T1008,M100801,2019,12,controlp,controlp_09,,,,,,,3145401,
HKMDS,202010,T1008,M100801,2020,01,controlp,controlp_09,,,,,,,2632424,
HKMDS,202010,T1008,M100801,2020,02,controlp,controlp_09,,,,,,,67663,
HKMDS,202010,T1008,M100801,2020,03,controlp,controlp_09,,,,,,,0,
HKMDS,202010,T1008,M100801,2020,04,controlp,controlp_09,,,,,,,0,
HKMDS,202010,T1008,M100801,2020,05,controlp,controlp_09,,,,,,,0,
HKMDS,202010,T1008,M100801,2020,06,controlp,controlp_09,,,,,,,0,
HKMDS,202010,T1008,M100801,2020,07,controlp,controlp_09,,,,,,,0,
HKMDS,202010,T1008,M100801,2020,08,controlp,controlp_09,,,,,,,0,
HKMDS,202010,T1008,M100801,2020,09,controlp,controlp_09,,,,,,,0,
HKMDS,202010,T1008,M100801,2017,,controlp,controlp_10,,,,,,,29562927,
HKMDS,202010,T1008,M100801,2018,,controlp,controlp_10,,,,,,,28561617,
HKMDS,202010,T1008,M100801,2019,,controlp,controlp_10,,,,,,,25310098,
HKMDS,202010,T1008,M100801,2019,07,controlp,controlp_10,,,,,,,2155411,
HKMDS,202010,T1008,M100801,2019,08,controlp,controlp_10,,,,,,,1817144,
HKMDS,202010,T1008,M100801,2019,09,controlp,controlp_10,,,,,,,1942531,
HKMDS,202010,T1008,M100801,2019,10,controlp,controlp_10,,,,,,,1888908,
HKMDS,202010,T1008,M100801,2019,11,controlp,controlp_10,,,,,,,1637168,
HKMDS,202010,T1008,M100801,2019,12,controlp,controlp_10,,,,,,,1999320,
HKMDS,202010,T1008,M100801,2020,01,controlp,controlp_10,,,,,,,1714302,
HKMDS,202010,T1008,M100801,2020,02,controlp,controlp_10,,,,,,,52581,
HKMDS,202010,T1008,M100801,2020,03,controlp,controlp_10,,,,,,,0,
HKMDS,202010,T1008,M100801,2020,04,controlp,controlp_10,,,,,,,0,
HKMDS,202010,T1008,M100801,2020,05,controlp,controlp_10,,,,,,,0,
HKMDS,202010,T1008,M100801,2020,06,controlp,controlp_10,,,,,,,13911,
HKMDS,202010,T1008,M100801,2020,07,controlp,controlp_10,,,,,,,7775,
HKMDS,202010,T1008,M100801,2020,08,controlp,controlp_10,,,,,,,0,
HKMDS,202010,T1008,M100801,2020,09,controlp,controlp_10,,,,,,,0,
HKMDS,202010,T1008,M100801,2017,,controlp,controlp_11,,,,,,,15708877,
HKMDS,202010,T1008,M100801,2018,,controlp,controlp_11,,,,,,,15156588,
HKMDS,202010,T1008,M100801,2019,,controlp,controlp_11,,,,,,,13041625,
HKMDS,202010,T1008,M100801,2019,07,controlp,controlp_11,,,,,,,1163222,
HKMDS,202010,T1008,M100801,2019,08,controlp,controlp_11,,,,,,,948966,
HKMDS,202010,T1008,M100801,2019,09,controlp,controlp_11,,,,,,,864167,
HKMDS,202010,T1008,M100801,2019,10,controlp,controlp_11,,,,,,,1023906,
HKMDS,202010,T1008,M100801,2019,11,controlp,controlp_11,,,,,,,1048007,
HKMDS,202010,T1008,M100801,2019,12,controlp,controlp_11,,,,,,,956568,
HKMDS,202010,T1008,M100801,2020,01,controlp,controlp_11,,,,,,,816562,
HKMDS,202010,T1008,M100801,2020,02,controlp,controlp_11,,,,,,,31834,
HKMDS,202010,T1008,M100801,2020,03,controlp,controlp_11,,,,,,,0,
HKMDS,202010,T1008,M100801,2020,04,controlp,controlp_11,,,,,,,0,
HKMDS,202010,T1008,M100801,2020,05,controlp,controlp_11,,,,,,,0,
HKMDS,202010,T1008,M100801,2020,06,controlp,controlp_11,,,,,,,0,
HKMDS,202010,T1008,M100801,2020,07,controlp,controlp_11,,,,,,,0,
HKMDS,202010,T1008,M100801,2020,08,controlp,controlp_11,,,,,,,0,
HKMDS,202010,T1008,M100801,2020,09,controlp,controlp_11,,,,,,,0,
HKMDS,202010,T1008,M100801,2017,,controlp,controlp_12,,,,,,,2258267,
HKMDS,202010,T1008,M100801,2018,,controlp,controlp_12,,,,,,,2302680,
HKMDS,202010,T1008,M100801,2019,,controlp,controlp_12,,,,,,,1931053,
HKMDS,202010,T1008,M100801,2019,07,controlp,controlp_12,,,,,,,137233,
HKMDS,202010,T1008,M100801,2019,08,controlp,controlp_12,,,,,,,103853,
HKMDS,202010,T1008,M100801,2019,09,controlp,controlp_12,,,,,,,143986,
HKMDS,202010,T1008,M100801,2019,10,controlp,controlp_12,,,,,,,167818,
HKMDS,202010,T1008,M100801,2019,11,controlp,controlp_12,,,,,,,155397,
HKMDS,202010,T1008,M100801,2019,12,controlp,controlp_12,,,,,,,144784,
HKMDS,202010,T1008,M100801,2020,01,controlp,controlp_12,,,,,,,129450,
HKMDS,202010,T1008,M100801,2020,02,controlp,controlp_12,,,,,,,0,
HKMDS,202010,T1008,M100801,2020,03,controlp,controlp_12,,,,,,,0,
HKMDS,202010,T1008,M100801,2020,04,controlp,controlp_12,,,,,,,0,
HKMDS,202010,T1008,M100801,2020,05,controlp,controlp_12,,,,,,,0,
HKMDS,202010,T1008,M100801,2020,06,controlp,controlp_12,,,,,,,0,
HKMDS,202010,T1008,M100801,2020,07,controlp,controlp_12,,,,,,,0,
HKMDS,202010,T1008,M100801,2020,08,controlp,controlp_12,,,,,,,0,
HKMDS,202010,T1008,M100801,2020,09,controlp,controlp_12,,,,,,,0,
HKMDS,202010,T1008,M100801,2017,,controlp,controlp_13,,,,,,,1572660,
HKMDS,202010,T1008,M100801,2018,,controlp,controlp_13,,,,,,,1574314,
HKMDS,202010,T1008,M100801,2019,,controlp,controlp_13,,,,,,,1361674,
HKMDS,202010,T1008,M100801,2019,07,controlp,controlp_13,,,,,,,109755,
HKMDS,202010,T1008,M100801,2019,08,controlp,controlp_13,,,,,,,92512,
HKMDS,202010,T1008,M100801,2019,09,controlp,controlp_13,,,,,,,106472,
HKMDS,202010,T1008,M100801,2019,10,controlp,controlp_13,,,,,,,107901,
HKMDS,202010,T1008,M100801,2019,11,controlp,controlp_13,,,,,,,97884,
HKMDS,202010,T1008,M100801,2019,12,controlp,controlp_13,,,,,,,104192,
HKMDS,202010,T1008,M100801,2020,01,controlp,controlp_13,,,,,,,98318,
HKMDS,202010,T1008,M100801,2020,02,controlp,controlp_13,,,,,,,0,
HKMDS,202010,T1008,M100801,2020,03,controlp,controlp_13,,,,,,,0,
HKMDS,202010,T1008,M100801,2020,04,controlp,controlp_13,,,,,,,0,
HKMDS,202010,T1008,M100801,2020,05,controlp,controlp_13,,,,,,,0,
HKMDS,202010,T1008,M100801,2020,06,controlp,controlp_13,,,,,,,0,
HKMDS,202010,T1008,M100801,2020,07,controlp,controlp_13,,,,,,,0,
HKMDS,202010,T1008,M100801,2020,08,controlp,controlp_13,,,,,,,0,
HKMDS,202010,T1008,M100801,2020,09,controlp,controlp_13,,,,,,,0,
HKMDS,202010,T1008,M100801,2017,,controlp,controlp_14,,,,,,,20239123,
HKMDS,202010,T1008,M100801,2018,,controlp,controlp_14,,,,,,,22063983,
HKMDS,202010,T1008,M100801,2019,,controlp,controlp_14,,,,,,,19231927,
HKMDS,202010,T1008,M100801,2019,07,controlp,controlp_14,,,,,,,1599726,
HKMDS,202010,T1008,M100801,2019,08,controlp,controlp_14,,,,,,,1320408,
HKMDS,202010,T1008,M100801,2019,09,controlp,controlp_14,,,,,,,1386532,
HKMDS,202010,T1008,M100801,2019,10,controlp,controlp_14,,,,,,,1426926,
HKMDS,202010,T1008,M100801,2019,11,controlp,controlp_14,,,,,,,1314845,
HKMDS,202010,T1008,M100801,2019,12,controlp,controlp_14,,,,,,,1502474,
HKMDS,202010,T1008,M100801,2020,01,controlp,controlp_14,,,,,,,1372622,
HKMDS,202010,T1008,M100801,2020,02,controlp,controlp_14,,,,,,,206058,
HKMDS,202010,T1008,M100801,2020,03,controlp,controlp_14,,,,,,,46202,
HKMDS,202010,T1008,M100801,2020,04,controlp,controlp_14,,,,,,,18489,
HKMDS,202010,T1008,M100801,2020,05,controlp,controlp_14,,,,,,,38637,
HKMDS,202010,T1008,M100801,2020,06,controlp,controlp_14,,,,,,,38044,
HKMDS,202010,T1008,M100801,2020,07,controlp,controlp_14,,,,,,,25545,
HKMDS,202010,T1008,M100801,2020,08,controlp,controlp_14,,,,,,,20027,
HKMDS,202010,T1008,M100801,2020,09,controlp,controlp_14,,,,,,,47870,
HKMDS,202010,T1008,M100801,2018,,controlp,controlp_15,,,,,,,2718765,
HKMDS,202010,T1008,M100801,2019,,controlp,controlp_15,,,,,,,8447720,
HKMDS,202010,T1008,M100801,2019,07,controlp,controlp_15,,,,,,,804246,
HKMDS,202010,T1008,M100801,2019,08,controlp,controlp_15,,,,,,,588854,
HKMDS,202010,T1008,M100801,2019,09,controlp,controlp_15,,,,,,,461874,
HKMDS,202010,T1008,M100801,2019,10,controlp,controlp_15,,,,,,,508355,
HKMDS,202010,T1008,M100801,2019,11,controlp,controlp_15,,,,,,,501458,
HKMDS,202010,T1008,M100801,2019,12,controlp,controlp_15,,,,,,,555903,
HKMDS,202010,T1008,M100801,2020,01,controlp,controlp_15,,,,,,,479284,
HKMDS,202010,T1008,M100801,2020,02,controlp,controlp_15,,,,,,,0,
HKMDS,202010,T1008,M100801,2020,03,controlp,controlp_15,,,,,,,0,
HKMDS,202010,T1008,M100801,2020,04,controlp,controlp_15,,,,,,,0,
HKMDS,202010,T1008,M100801,2020,05,controlp,controlp_15,,,,,,,0,
HKMDS,202010,T1008,M100801,2020,06,controlp,controlp_15,,,,,,,0,
HKMDS,202010,T1008,M100801,2020,07,controlp,controlp_15,,,,,,,0,
HKMDS,202010,T1008,M100801,2020,08,controlp,controlp_15,,,,,,,0,
HKMDS,202010,T1008,M100801,2020,09,controlp,controlp_15,,,,,,,0,
HKMDS,202010,T1008,M100801,2018,,controlp,controlp_16,,,,,,,2172191,
HKMDS,202010,T1008,M100801,2019,,controlp,controlp_16,,,,,,,8858622,
HKMDS,202010,T1008,M100801,2019,07,controlp,controlp_16,,,,,,,830929,
HKMDS,202010,T1008,M100801,2019,08,controlp,controlp_16,,,,,,,667112,
HKMDS,202010,T1008,M100801,2019,09,controlp,controlp_16,,,,,,,509065,
HKMDS,202010,T1008,M100801,2019,10,controlp,controlp_16,,,,,,,567990,
HKMDS,202010,T1008,M100801,2019,11,controlp,controlp_16,,,,,,,540527,
HKMDS,202010,T1008,M100801,2019,12,controlp,controlp_16,,,,,,,665277,
HKMDS,202010,T1008,M100801,2020,01,controlp,controlp_16,,,,,,,526548,
HKMDS,202010,T1008,M100801,2020,02,controlp,controlp_16,,,,,,,103946,
HKMDS,202010,T1008,M100801,2020,03,controlp,controlp_16,,,,,,,152887,
HKMDS,202010,T1008,M100801,2020,04,controlp,controlp_16,,,,,,,1432,
HKMDS,202010,T1008,M100801,2020,05,controlp,controlp_16,,,,,,,3118,
HKMDS,202010,T1008,M100801,2020,06,controlp,controlp_16,,,,,,,2484,
HKMDS,202010,T1008,M100801,2020,07,controlp,controlp_16,,,,,,,2418,
HKMDS,202010,T1008,M100801,2020,08,controlp,controlp_16,,,,,,,2068,
HKMDS,202010,T1008,M100801,2020,09,controlp,controlp_16,,,,,,,3734,
HKMDS,202010,T1008,M100801,2020,08,controlp,controlp_17,,,,,,,0,
HKMDS,202010,T1008,M100801,2020,09,controlp,controlp_17,,,,,,,0,
HKMDS,202010,T1008,M100801,2017,,controlp,controlp_tt,,,,,,,149754868,
HKMDS,202010,T1008,M100801,2018,,controlp,controlp_tt,,,,,,,157421290,
HKMDS,202010,T1008,M100801,2019,,controlp,controlp_tt,,,,,,,150519730,
HKMDS,202010,T1008,M100801,2019,07,controlp,controlp_tt,,,,,,,13308975,
HKMDS,202010,T1008,M100801,2019,08,controlp,controlp_tt,,,,,,,11348188,
HKMDS,202010,T1008,M100801,2019,09,controlp,controlp_tt,,,,,,,10581376,
HKMDS,202010,T1008,M100801,2019,10,controlp,controlp_tt,,,,,,,10823390,
HKMDS,202010,T1008,M100801,2019,11,controlp,controlp_tt,,,,,,,9665480,
HKMDS,202010,T1008,M100801,2019,12,controlp,controlp_tt,,,,,,,11575527,
HKMDS,202010,T1008,M100801,2020,01,controlp,controlp_tt,,,,,,,10075427,
HKMDS,202010,T1008,M100801,2020,02,controlp,controlp_tt,,,,,,,1146832,
HKMDS,202010,T1008,M100801,2020,03,controlp,controlp_tt,,,,,,,465297,
HKMDS,202010,T1008,M100801,2020,04,controlp,controlp_tt,,,,,,,38946,
HKMDS,202010,T1008,M100801,2020,05,controlp,controlp_tt,,,,,,,66376,
HKMDS,202010,T1008,M100801,2020,06,controlp,controlp_tt,,,,,,,89714,
HKMDS,202010,T1008,M100801,2020,07,controlp,controlp_tt,,,,,,,78566,
HKMDS,202010,T1008,M100801,2020,08,controlp,controlp_tt,,,,,,,45272,
HKMDS,202010,T1008,M100801,2020,09,controlp,controlp_tt,,,,,,,83402,
HKMDS,202010,T1009,M100901,2017,,controlp,controlp_01,,,,,,,25062870,
HKMDS,202010,T1009,M100901,2018,,controlp,controlp_01,,,,,,,26265699,
HKMDS,202010,T1009,M100901,2019,,controlp,controlp_01,,,,,,,24154961,
HKMDS,202010,T1009,M100901,2019,07,controlp,controlp_01,,,,,,,2316373,
HKMDS,202010,T1009,M100901,2019,08,controlp,controlp_01,,,,,,,1869406,
HKMDS,202010,T1009,M100901,2019,09,controlp,controlp_01,,,,,,,1581054,
HKMDS,202010,T1009,M100901,2019,10,controlp,controlp_01,,,,,,,1666027,
HKMDS,202010,T1009,M100901,2019,11,controlp,controlp_01,,,,,,,1632439,
HKMDS,202010,T1009,M100901,2019,12,controlp,controlp_01,,,,,,,1887505,
HKMDS,202010,T1009,M100901,2020,01,controlp,controlp_01,,,,,,,1835952,
HKMDS,202010,T1009,M100901,2020,02,controlp,controlp_01,,,,,,,542736,
HKMDS,202010,T1009,M100901,2020,03,controlp,controlp_01,,,,,,,129600,
HKMDS,202010,T1009,M100901,2020,04,controlp,controlp_01,,,,,,,10704,
HKMDS,202010,T1009,M100901,2020,05,controlp,controlp_01,,,,,,,10300,
HKMDS,202010,T1009,M100901,2020,06,controlp,controlp_01,,,,,,,19462,
HKMDS,202010,T1009,M100901,2020,07,controlp,controlp_01,,,,,,,42496,
HKMDS,202010,T1009,M100901,2020,08,controlp,controlp_01,,,,,,,46245,
HKMDS,202010,T1009,M100901,2020,09,controlp,controlp_01,,,,,,,42690,
HKMDS,202010,T1009,M100901,2017,,controlp,controlp_02,,,,,,,24518,
HKMDS,202010,T1009,M100901,2018,,controlp,controlp_02,,,,,,,23780,
HKMDS,202010,T1009,M100901,2019,,controlp,controlp_02,,,,,,,21255,
HKMDS,202010,T1009,M100901,2019,07,controlp,controlp_02,,,,,,,1810,
HKMDS,202010,T1009,M100901,2019,08,controlp,controlp_02,,,,,,,1712,
HKMDS,202010,T1009,M100901,2019,09,controlp,controlp_02,,,,,,,1378,
HKMDS,202010,T1009,M100901,2019,10,controlp,controlp_02,,,,,,,1916,
HKMDS,202010,T1009,M100901,2019,11,controlp,controlp_02,,,,,,,1531,
HKMDS,202010,T1009,M100901,2019,12,controlp,controlp_02,,,,,,,1384,
HKMDS,202010,T1009,M100901,2020,01,controlp,controlp_02,,,,,,,1718,
HKMDS,202010,T1009,M100901,2020,02,controlp,controlp_02,,,,,,,673,
HKMDS,202010,T1009,M100901,2020,03,controlp,controlp_02,,,,,,,1006,
HKMDS,202010,T1009,M100901,2020,04,controlp,controlp_02,,,,,,,485,
HKMDS,202010,T1009,M100901,2020,05,controlp,controlp_02,,,,,,,903,
HKMDS,202010,T1009,M100901,2020,06,controlp,controlp_02,,,,,,,2687,
HKMDS,202010,T1009,M100901,2020,07,controlp,controlp_02,,,,,,,7750,
HKMDS,202010,T1009,M100901,2020,08,controlp,controlp_02,,,,,,,1448,
HKMDS,202010,T1009,M100901,2020,09,controlp,controlp_02,,,,,,,1346,
HKMDS,202010,T1009,M100901,2017,,controlp,controlp_0301,,,,,,,9789227,
HKMDS,202010,T1009,M100901,2018,,controlp,controlp_0301,,,,,,,9020298,
HKMDS,202010,T1009,M100901,2019,,controlp,controlp_0301,,,,,,,5065480,
HKMDS,202010,T1009,M100901,2019,07,controlp,controlp_0301,,,,,,,433923,
HKMDS,202010,T1009,M100901,2019,08,controlp,controlp_0301,,,,,,,400179,
HKMDS,202010,T1009,M100901,2019,09,controlp,controlp_0301,,,,,,,349440,
HKMDS,202010,T1009,M100901,2019,10,controlp,controlp_0301,,,,,,,340351,
HKMDS,202010,T1009,M100901,2019,11,controlp,controlp_0301,,,,,,,329451,
HKMDS,202010,T1009,M100901,2019,12,controlp,controlp_0301,,,,,,,380345,
HKMDS,202010,T1009,M100901,2020,01,controlp,controlp_0301,,,,,,,298265,
HKMDS,202010,T1009,M100901,2020,02,controlp,controlp_0301,,,,,,,11003,
HKMDS,202010,T1009,M100901,2020,03,controlp,controlp_0301,,,,,,,0,
HKMDS,202010,T1009,M100901,2020,04,controlp,controlp_0301,,,,,,,0,
HKMDS,202010,T1009,M100901,2020,05,controlp,controlp_0301,,,,,,,0,
HKMDS,202010,T1009,M100901,2020,06,controlp,controlp_0301,,,,,,,0,
HKMDS,202010,T1009,M100901,2020,07,controlp,controlp_0301,,,,,,,0,
HKMDS,202010,T1009,M100901,2020,08,controlp,controlp_0301,,,,,,,0,
HKMDS,202010,T1009,M100901,2020,09,controlp,controlp_0301,,,,,,,0,
HKMDS,202010,T1009,M100901,2017,,controlp,controlp_0302,,,,,,,27254,
HKMDS,202010,T1009,M100901,2018,,controlp,controlp_0302,,,,,,,27334,
HKMDS,202010,T1009,M100901,2019,,controlp,controlp_0302,,,,,,,12250,
HKMDS,202010,T1009,M100901,2019,07,controlp,controlp_0302,,,,,,,1019,
HKMDS,202010,T1009,M100901,2019,08,controlp,controlp_0302,,,,,,,727,
HKMDS,202010,T1009,M100901,2019,09,controlp,controlp_0302,,,,,,,922,
HKMDS,202010,T1009,M100901,2019,10,controlp,controlp_0302,,,,,,,869,
HKMDS,202010,T1009,M100901,2019,11,controlp,controlp_0302,,,,,,,865,
HKMDS,202010,T1009,M100901,2019,12,controlp,controlp_0302,,,,,,,818,
HKMDS,202010,T1009,M100901,2020,01,controlp,controlp_0302,,,,,,,671,
HKMDS,202010,T1009,M100901,2020,02,controlp,controlp_0302,,,,,,,19,
HKMDS,202010,T1009,M100901,2020,03,controlp,controlp_0302,,,,,,,0,
HKMDS,202010,T1009,M100901,2020,04,controlp,controlp_0302,,,,,,,0,
HKMDS,202010,T1009,M100901,2020,05,controlp,controlp_0302,,,,,,,0,
HKMDS,202010,T1009,M100901,2020,06,controlp,controlp_0302,,,,,,,0,
HKMDS,202010,T1009,M100901,2020,07,controlp,controlp_0302,,,,,,,0,
HKMDS,202010,T1009,M100901,2020,08,controlp,controlp_0302,,,,,,,0,
HKMDS,202010,T1009,M100901,2020,09,controlp,controlp_0302,,,,,,,0,
HKMDS,202010,T1009,M100901,2017,,controlp,controlp_04,,,,,,,3771288,
HKMDS,202010,T1009,M100901,2018,,controlp,controlp_04,,,,,,,3555727,
HKMDS,202010,T1009,M100901,2019,,controlp,controlp_04,,,,,,,1935686,
HKMDS,202010,T1009,M100901,2019,07,controlp,controlp_04,,,,,,,168766,
HKMDS,202010,T1009,M100901,2019,08,controlp,controlp_04,,,,,,,135110,
HKMDS,202010,T1009,M100901,2019,09,controlp,controlp_04,,,,,,,106739,
HKMDS,202010,T1009,M100901,2019,10,controlp,controlp_04,,,,,,,118340,
HKMDS,202010,T1009,M100901,2019,11,controlp,controlp_04,,,,,,,102317,
HKMDS,202010,T1009,M100901,2019,12,controlp,controlp_04,,,,,,,118512,
HKMDS,202010,T1009,M100901,2020,01,controlp,controlp_04,,,,,,,95482,
HKMDS,202010,T1009,M100901,2020,02,controlp,controlp_04,,,,,,,0,
HKMDS,202010,T1009,M100901,2020,03,controlp,controlp_04,,,,,,,0,
HKMDS,202010,T1009,M100901,2020,04,controlp,controlp_04,,,,,,,0,
HKMDS,202010,T1009,M100901,2020,05,controlp,controlp_04,,,,,,,0,
HKMDS,202010,T1009,M100901,2020,06,controlp,controlp_04,,,,,,,0,
HKMDS,202010,T1009,M100901,2020,07,controlp,controlp_04,,,,,,,0,
HKMDS,202010,T1009,M100901,2020,08,controlp,controlp_04,,,,,,,0,
HKMDS,202010,T1009,M100901,2020,09,controlp,controlp_04,,,,,,,0,
HKMDS,202010,T1009,M100901,2017,,controlp,controlp_05,,,,,,,350341,
HKMDS,202010,T1009,M100901,2018,,controlp,controlp_05,,,,,,,369179,
HKMDS,202010,T1009,M100901,2019,,controlp,controlp_05,,,,,,,259745,
HKMDS,202010,T1009,M100901,2019,07,controlp,controlp_05,,,,,,,21668,
HKMDS,202010,T1009,M100901,2019,08,controlp,controlp_05,,,,,,,24561,
HKMDS,202010,T1009,M100901,2019,09,controlp,controlp_05,,,,,,,18942,
HKMDS,202010,T1009,M100901,2019,10,controlp,controlp_05,,,,,,,18032,
HKMDS,202010,T1009,M100901,2019,11,controlp,controlp_05,,,,,,,18561,
HKMDS,202010,T1009,M100901,2019,12,controlp,controlp_05,,,,,,,19376,
HKMDS,202010,T1009,M100901,2020,01,controlp,controlp_05,,,,,,,14455,
HKMDS,202010,T1009,M100901,2020,02,controlp,controlp_05,,,,,,,0,
HKMDS,202010,T1009,M100901,2020,03,controlp,controlp_05,,,,,,,0,
HKMDS,202010,T1009,M100901,2020,04,controlp,controlp_05,,,,,,,0,
HKMDS,202010,T1009,M100901,2020,05,controlp,controlp_05,,,,,,,0,
HKMDS,202010,T1009,M100901,2020,06,controlp,controlp_05,,,,,,,0,
HKMDS,202010,T1009,M100901,2020,07,controlp,controlp_05,,,,,,,0,
HKMDS,202010,T1009,M100901,2020,08,controlp,controlp_05,,,,,,,0,
HKMDS,202010,T1009,M100901,2020,09,controlp,controlp_05,,,,,,,0,
HKMDS,202010,T1009,M100901,2017,,controlp,controlp_06,,,,,,,63,
HKMDS,202010,T1009,M100901,2018,,controlp,controlp_06,,,,,,,76,
HKMDS,202010,T1009,M100901,2019,,controlp,controlp_06,,,,,,,67,
HKMDS,202010,T1009,M100901,2019,07,controlp,controlp_06,,,,,,,0,
HKMDS,202010,T1009,M100901,2019,08,controlp,controlp_06,,,,,,,3,
HKMDS,202010,T1009,M100901,2019,09,controlp,controlp_06,,,,,,,12,
HKMDS,202010,T1009,M100901,2019,10,controlp,controlp_06,,,,,,,6,
HKMDS,202010,T1009,M100901,2019,11,controlp,controlp_06,,,,,,,7,
HKMDS,202010,T1009,M100901,2019,12,controlp,controlp_06,,,,,,,2,
HKMDS,202010,T1009,M100901,2020,01,controlp,controlp_06,,,,,,,4,
HKMDS,202010,T1009,M100901,2020,02,controlp,controlp_06,,,,,,,1,
HKMDS,202010,T1009,M100901,2020,03,controlp,controlp_06,,,,,,,1,
HKMDS,202010,T1009,M100901,2020,04,controlp,controlp_06,,,,,,,0,
HKMDS,202010,T1009,M100901,2020,05,controlp,controlp_06,,,,,,,0,
HKMDS,202010,T1009,M100901,2020,06,controlp,controlp_06,,,,,,,5,
HKMDS,202010,T1009,M100901,2020,07,controlp,controlp_06,,,,,,,5,
HKMDS,202010,T1009,M100901,2020,08,controlp,controlp_06,,,,,,,0,
HKMDS,202010,T1009,M100901,2020,09,controlp,controlp_06,,,,,,,5,
HKMDS,202010,T1009,M100901,2017,,controlp,controlp_07,,,,,,,837271,
HKMDS,202010,T1009,M100901,2018,,controlp,controlp_07,,,,,,,865207,
HKMDS,202010,T1009,M100901,2019,,controlp,controlp_07,,,,,,,787517,
HKMDS,202010,T1009,M100901,2019,07,controlp,controlp_07,,,,,,,80032,
HKMDS,202010,T1009,M100901,2019,08,controlp,controlp_07,,,,,,,80967,
HKMDS,202010,T1009,M100901,2019,09,controlp,controlp_07,,,,,,,51385,
HKMDS,202010,T1009,M100901,2019,10,controlp,controlp_07,,,,,,,54283,
HKMDS,202010,T1009,M100901,2019,11,controlp,controlp_07,,,,,,,42996,
HKMDS,202010,T1009,M100901,2019,12,controlp,controlp_07,,,,,,,72816,
HKMDS,202010,T1009,M100901,2020,01,controlp,controlp_07,,,,,,,63020,
HKMDS,202010,T1009,M100901,2020,02,controlp,controlp_07,,,,,,,4952,
HKMDS,202010,T1009,M100901,2020,03,controlp,controlp_07,,,,,,,0,
HKMDS,202010,T1009,M100901,2020,04,controlp,controlp_07,,,,,,,0,
HKMDS,202010,T1009,M100901,2020,05,controlp,controlp_07,,,,,,,0,
HKMDS,202010,T1009,M100901,2020,06,controlp,controlp_07,,,,,,,0,
HKMDS,202010,T1009,M100901,2020,07,controlp,controlp_07,,,,,,,0,
HKMDS,202010,T1009,M100901,2020,08,controlp,controlp_07,,,,,,,0,
HKMDS,202010,T1009,M100901,2020,09,controlp,controlp_07,,,,,,,0,
HKMDS,202010,T1009,M100901,2017,,controlp,controlp_08,,,,,,,1923559,
HKMDS,202010,T1009,M100901,2018,,controlp,controlp_08,,,,,,,1901360,
HKMDS,202010,T1009,M100901,2019,,controlp,controlp_08,,,,,,,1005416,
HKMDS,202010,T1009,M100901,2019,07,controlp,controlp_08,,,,,,,91296,
HKMDS,202010,T1009,M100901,2019,08,controlp,controlp_08,,,,,,,72549,
HKMDS,202010,T1009,M100901,2019,09,controlp,controlp_08,,,,,,,56958,
HKMDS,202010,T1009,M100901,2019,10,controlp,controlp_08,,,,,,,55803,
HKMDS,202010,T1009,M100901,2019,11,controlp,controlp_08,,,,,,,21999,
HKMDS,202010,T1009,M100901,2019,12,controlp,controlp_08,,,,,,,52575,
HKMDS,202010,T1009,M100901,2020,01,controlp,controlp_08,,,,,,,55755,
HKMDS,202010,T1009,M100901,2020,02,controlp,controlp_08,,,,,,,0,
HKMDS,202010,T1009,M100901,2020,03,controlp,controlp_08,,,,,,,0,
HKMDS,202010,T1009,M100901,2020,04,controlp,controlp_08,,,,,,,0,
HKMDS,202010,T1009,M100901,2020,05,controlp,controlp_08,,,,,,,0,
HKMDS,202010,T1009,M100901,2020,06,controlp,controlp_08,,,,,,,0,
HKMDS,202010,T1009,M100901,2020,07,controlp,controlp_08,,,,,,,0,
HKMDS,202010,T1009,M100901,2020,08,controlp,controlp_08,,,,,,,0,
HKMDS,202010,T1009,M100901,2020,09,controlp,controlp_08,,,,,,,0,
HKMDS,202010,T1009,M100901,2017,,controlp,controlp_09,,,,,,,41121221,
HKMDS,202010,T1009,M100901,2018,,controlp,controlp_09,,,,,,,43073961,
HKMDS,202010,T1009,M100901,2019,,controlp,controlp_09,,,,,,,39737765,
HKMDS,202010,T1009,M100901,2019,07,controlp,controlp_09,,,,,,,3446839,
HKMDS,202010,T1009,M100901,2019,08,controlp,controlp_09,,,,,,,3090477,
HKMDS,202010,T1009,M100901,2019,09,controlp,controlp_09,,,,,,,3107374,
HKMDS,202010,T1009,M100901,2019,10,controlp,controlp_09,,,,,,,2771349,
HKMDS,202010,T1009,M100901,2019,11,controlp,controlp_09,,,,,,,2377728,
HKMDS,202010,T1009,M100901,2019,12,controlp,controlp_09,,,,,,,3251842,
HKMDS,202010,T1009,M100901,2020,01,controlp,controlp_09,,,,,,,2713012,
HKMDS,202010,T1009,M100901,2020,02,controlp,controlp_09,,,,,,,42794,
HKMDS,202010,T1009,M100901,2020,03,controlp,controlp_09,,,,,,,0,
HKMDS,202010,T1009,M100901,2020,04,controlp,controlp_09,,,,,,,0,
HKMDS,202010,T1009,M100901,2020,05,controlp,controlp_09,,,,,,,0,
HKMDS,202010,T1009,M100901,2020,06,controlp,controlp_09,,,,,,,0,
HKMDS,202010,T1009,M100901,2020,07,controlp,controlp_09,,,,,,,0,
HKMDS,202010,T1009,M100901,2020,08,controlp,controlp_09,,,,,,,0,
HKMDS,202010,T1009,M100901,2020,09,controlp,controlp_09,,,,,,,0,
HKMDS,202010,T1009,M100901,2017,,controlp,controlp_10,,,,,,,29901553,
HKMDS,202010,T1009,M100901,2018,,controlp,controlp_10,,,,,,,27761880,
HKMDS,202010,T1009,M100901,2019,,controlp,controlp_10,,,,,,,24846337,
HKMDS,202010,T1009,M100901,2019,07,controlp,controlp_10,,,,,,,2062716,
HKMDS,202010,T1009,M100901,2019,08,controlp,controlp_10,,,,,,,1761502,
HKMDS,202010,T1009,M100901,2019,09,controlp,controlp_10,,,,,,,1887239,
HKMDS,202010,T1009,M100901,2019,10,controlp,controlp_10,,,,,,,1857004,
HKMDS,202010,T1009,M100901,2019,11,controlp,controlp_10,,,,,,,1641464,
HKMDS,202010,T1009,M100901,2019,12,controlp,controlp_10,,,,,,,1986636,
HKMDS,202010,T1009,M100901,2020,01,controlp,controlp_10,,,,,,,1670926,
HKMDS,202010,T1009,M100901,2020,02,controlp,controlp_10,,,,,,,35561,
HKMDS,202010,T1009,M100901,2020,03,controlp,controlp_10,,,,,,,0,
HKMDS,202010,T1009,M100901,2020,04,controlp,controlp_10,,,,,,,0,
HKMDS,202010,T1009,M100901,2020,05,controlp,controlp_10,,,,,,,0,
HKMDS,202010,T1009,M100901,2020,06,controlp,controlp_10,,,,,,,13911,
HKMDS,202010,T1009,M100901,2020,07,controlp,controlp_10,,,,,,,7775,
HKMDS,202010,T1009,M100901,2020,08,controlp,controlp_10,,,,,,,0,
HKMDS,202010,T1009,M100901,2020,09,controlp,controlp_10,,,,,,,0,
HKMDS,202010,T1009,M100901,2017,,controlp,controlp_11,,,,,,,12983810,
HKMDS,202010,T1009,M100901,2018,,controlp,controlp_11,,,,,,,13469263,
HKMDS,202010,T1009,M100901,2019,,controlp,controlp_11,,,,,,,11760324,
HKMDS,202010,T1009,M100901,2019,07,controlp,controlp_11,,,,,,,1009407,
HKMDS,202010,T1009,M100901,2019,08,controlp,controlp_11,,,,,,,898123,
HKMDS,202010,T1009,M100901,2019,09,controlp,controlp_11,,,,,,,808567,
HKMDS,202010,T1009,M100901,2019,10,controlp,controlp_11,,,,,,,966288,
HKMDS,202010,T1009,M100901,2019,11,controlp,controlp_11,,,,,,,962076,
HKMDS,202010,T1009,M100901,2019,12,controlp,controlp_11,,,,,,,879292,
HKMDS,202010,T1009,M100901,2020,01,controlp,controlp_11,,,,,,,751570,
HKMDS,202010,T1009,M100901,2020,02,controlp,controlp_11,,,,,,,21191,
HKMDS,202010,T1009,M100901,2020,03,controlp,controlp_11,,,,,,,0,
HKMDS,202010,T1009,M100901,2020,04,controlp,controlp_11,,,,,,,0,
HKMDS,202010,T1009,M100901,2020,05,controlp,controlp_11,,,,,,,0,
HKMDS,202010,T1009,M100901,2020,06,controlp,controlp_11,,,,,,,0,
HKMDS,202010,T1009,M100901,2020,07,controlp,controlp_11,,,,,,,0,
HKMDS,202010,T1009,M100901,2020,08,controlp,controlp_11,,,,,,,0,
HKMDS,202010,T1009,M100901,2020,09,controlp,controlp_11,,,,,,,0,
HKMDS,202010,T1009,M100901,2017,,controlp,controlp_12,,,,,,,1982285,
HKMDS,202010,T1009,M100901,2018,,controlp,controlp_12,,,,,,,1993322,
HKMDS,202010,T1009,M100901,2019,,controlp,controlp_12,,,,,,,1694254,
HKMDS,202010,T1009,M100901,2019,07,controlp,controlp_12,,,,,,,120342,
HKMDS,202010,T1009,M100901,2019,08,controlp,controlp_12,,,,,,,92919,
HKMDS,202010,T1009,M100901,2019,09,controlp,controlp_12,,,,,,,132038,
HKMDS,202010,T1009,M100901,2019,10,controlp,controlp_12,,,,,,,153275,
HKMDS,202010,T1009,M100901,2019,11,controlp,controlp_12,,,,,,,134155,
HKMDS,202010,T1009,M100901,2019,12,controlp,controlp_12,,,,,,,126250,
HKMDS,202010,T1009,M100901,2020,01,controlp,controlp_12,,,,,,,113752,
HKMDS,202010,T1009,M100901,2020,02,controlp,controlp_12,,,,,,,0,
HKMDS,202010,T1009,M100901,2020,03,controlp,controlp_12,,,,,,,0,
HKMDS,202010,T1009,M100901,2020,04,controlp,controlp_12,,,,,,,0,
HKMDS,202010,T1009,M100901,2020,05,controlp,controlp_12,,,,,,,0,
HKMDS,202010,T1009,M100901,2020,06,controlp,controlp_12,,,,,,,0,
HKMDS,202010,T1009,M100901,2020,07,controlp,controlp_12,,,,,,,0,
HKMDS,202010,T1009,M100901,2020,08,controlp,controlp_12,,,,,,,0,
HKMDS,202010,T1009,M100901,2020,09,controlp,controlp_12,,,,,,,0,
HKMDS,202010,T1009,M100901,2017,,controlp,controlp_13,,,,,,,1513551,
HKMDS,202010,T1009,M100901,2018,,controlp,controlp_13,,,,,,,1517041,
HKMDS,202010,T1009,M100901,2019,,controlp,controlp_13,,,,,,,1319832,
HKMDS,202010,T1009,M100901,2019,07,controlp,controlp_13,,,,,,,103393,
HKMDS,202010,T1009,M100901,2019,08,controlp,controlp_13,,,,,,,89445,
HKMDS,202010,T1009,M100901,2019,09,controlp,controlp_13,,,,,,,102290,
HKMDS,202010,T1009,M100901,2019,10,controlp,controlp_13,,,,,,,108214,
HKMDS,202010,T1009,M100901,2019,11,controlp,controlp_13,,,,,,,99102,
HKMDS,202010,T1009,M100901,2019,12,controlp,controlp_13,,,,,,,104710,
HKMDS,202010,T1009,M100901,2020,01,controlp,controlp_13,,,,,,,92728,
HKMDS,202010,T1009,M100901,2020,02,controlp,controlp_13,,,,,,,0,
HKMDS,202010,T1009,M100901,2020,03,controlp,controlp_13,,,,,,,0,
HKMDS,202010,T1009,M100901,2020,04,controlp,controlp_13,,,,,,,0,
HKMDS,202010,T1009,M100901,2020,05,controlp,controlp_13,,,,,,,0,
HKMDS,202010,T1009,M100901,2020,06,controlp,controlp_13,,,,,,,0,
HKMDS,202010,T1009,M100901,2020,07,controlp,controlp_13,,,,,,,0,
HKMDS,202010,T1009,M100901,2020,08,controlp,controlp_13,,,,,,,0,
HKMDS,202010,T1009,M100901,2020,09,controlp,controlp_13,,,,,,,0,
HKMDS,202010,T1009,M100901,2017,,controlp,controlp_14,,,,,,,20387834,
HKMDS,202010,T1009,M100901,2018,,controlp,controlp_14,,,,,,,22224112,
HKMDS,202010,T1009,M100901,2019,,controlp,controlp_14,,,,,,,19294105,
HKMDS,202010,T1009,M100901,2019,07,controlp,controlp_14,,,,,,,1549782,
HKMDS,202010,T1009,M100901,2019,08,controlp,controlp_14,,,,,,,1327320,
HKMDS,202010,T1009,M100901,2019,09,controlp,controlp_14,,,,,,,1345949,
HKMDS,202010,T1009,M100901,2019,10,controlp,controlp_14,,,,,,,1456276,
HKMDS,202010,T1009,M100901,2019,11,controlp,controlp_14,,,,,,,1355672,
HKMDS,202010,T1009,M100901,2019,12,controlp,controlp_14,,,,,,,1493413,
HKMDS,202010,T1009,M100901,2020,01,controlp,controlp_14,,,,,,,1313629,
HKMDS,202010,T1009,M100901,2020,02,controlp,controlp_14,,,,,,,165493,
HKMDS,202010,T1009,M100901,2020,03,controlp,controlp_14,,,,,,,81446,
HKMDS,202010,T1009,M100901,2020,04,controlp,controlp_14,,,,,,,10810,
HKMDS,202010,T1009,M100901,2020,05,controlp,controlp_14,,,,,,,9933,
HKMDS,202010,T1009,M100901,2020,06,controlp,controlp_14,,,,,,,22185,
HKMDS,202010,T1009,M100901,2020,07,controlp,controlp_14,,,,,,,50782,
HKMDS,202010,T1009,M100901,2020,08,controlp,controlp_14,,,,,,,28884,
HKMDS,202010,T1009,M100901,2020,09,controlp,controlp_14,,,,,,,17832,
HKMDS,202010,T1009,M100901,2018,,controlp,controlp_15,,,,,,,2551324,
HKMDS,202010,T1009,M100901,2019,,controlp,controlp_15,,,,,,,8284708,
HKMDS,202010,T1009,M100901,2019,07,controlp,controlp_15,,,,,,,764586,
HKMDS,202010,T1009,M100901,2019,08,controlp,controlp_15,,,,,,,577469,
HKMDS,202010,T1009,M100901,2019,09,controlp,controlp_15,,,,,,,455895,
HKMDS,202010,T1009,M100901,2019,10,controlp,controlp_15,,,,,,,529677,
HKMDS,202010,T1009,M100901,2019,11,controlp,controlp_15,,,,,,,542913,
HKMDS,202010,T1009,M100901,2019,12,controlp,controlp_15,,,,,,,575357,
HKMDS,202010,T1009,M100901,2020,01,controlp,controlp_15,,,,,,,496613,
HKMDS,202010,T1009,M100901,2020,02,controlp,controlp_15,,,,,,,0,
HKMDS,202010,T1009,M100901,2020,03,controlp,controlp_15,,,,,,,0,
HKMDS,202010,T1009,M100901,2020,04,controlp,controlp_15,,,,,,,0,
HKMDS,202010,T1009,M100901,2020,05,controlp,controlp_15,,,,,,,0,
HKMDS,202010,T1009,M100901,2020,06,controlp,controlp_15,,,,,,,0,
HKMDS,202010,T1009,M100901,2020,07,controlp,controlp_15,,,,,,,0,
HKMDS,202010,T1009,M100901,2020,08,controlp,controlp_15,,,,,,,0,
HKMDS,202010,T1009,M100901,2020,09,controlp,controlp_15,,,,,,,0,
HKMDS,202010,T1009,M100901,2018,,controlp,controlp_16,,,,,,,2645517,
HKMDS,202010,T1009,M100901,2019,,controlp,controlp_16,,,,,,,10564674,
HKMDS,202010,T1009,M100901,2019,07,controlp,controlp_16,,,,,,,995176,
HKMDS,202010,T1009,M100901,2019,08,controlp,controlp_16,,,,,,,786489,
HKMDS,202010,T1009,M100901,2019,09,controlp,controlp_16,,,,,,,537350,
HKMDS,202010,T1009,M100901,2019,10,controlp,controlp_16,,,,,,,617071,
HKMDS,202010,T1009,M100901,2019,11,controlp,controlp_16,,,,,,,613983,
HKMDS,202010,T1009,M100901,2019,12,controlp,controlp_16,,,,,,,725260,
HKMDS,202010,T1009,M100901,2020,01,controlp,controlp_16,,,,,,,532432,
HKMDS,202010,T1009,M100901,2020,02,controlp,controlp_16,,,,,,,101354,
HKMDS,202010,T1009,M100901,2020,03,controlp,controlp_16,,,,,,,162244,
HKMDS,202010,T1009,M100901,2020,04,controlp,controlp_16,,,,,,,993,
HKMDS,202010,T1009,M100901,2020,05,controlp,controlp_16,,,,,,,947,
HKMDS,202010,T1009,M100901,2020,06,controlp,controlp_16,,,,,,,2094,
HKMDS,202010,T1009,M100901,2020,07,controlp,controlp_16,,,,,,,8229,
HKMDS,202010,T1009,M100901,2020,08,controlp,controlp_16,,,,,,,5491,
HKMDS,202010,T1009,M100901,2020,09,controlp,controlp_16,,,,,,,3608,
HKMDS,202010,T1009,M100901,2020,08,controlp,controlp_17,,,,,,,0,
HKMDS,202010,T1009,M100901,2020,09,controlp,controlp_17,,,,,,,0,
HKMDS,202010,T1009,M100901,2017,,controlp,controlp_tt,,,,,,,149676645,
HKMDS,202010,T1009,M100901,2018,,controlp,controlp_tt,,,,,,,157265080,
HKMDS,202010,T1009,M100901,2019,,controlp,controlp_tt,,,,,,,150744376,
HKMDS,202010,T1009,M100901,2019,07,controlp,controlp_tt,,,,,,,13167128,
HKMDS,202010,T1009,M100901,2019,08,controlp,controlp_tt,,,,,,,11208958,
HKMDS,202010,T1009,M100901,2019,09,controlp,controlp_tt,,,,,,,10543532,
HKMDS,202010,T1009,M100901,2019,10,controlp,controlp_tt,,,,,,,10714781,
HKMDS,202010,T1009,M100901,2019,11,controlp,controlp_tt,,,,,,,9877259,
HKMDS,202010,T1009,M100901,2019,12,controlp,controlp_tt,,,,,,,11676093,
HKMDS,202010,T1009,M100901,2020,01,controlp,controlp_tt,,,,,,,10049984,
HKMDS,202010,T1009,M100901,2020,02,controlp,controlp_tt,,,,,,,925777,
HKMDS,202010,T1009,M100901,2020,03,controlp,controlp_tt,,,,,,,374297,
HKMDS,202010,T1009,M100901,2020,04,controlp,controlp_tt,,,,,,,22992,
HKMDS,202010,T1009,M100901,2020,05,controlp,controlp_tt,,,,,,,22083,
HKMDS,202010,T1009,M100901,2020,06,controlp,controlp_tt,,,,,,,60344,
HKMDS,202010,T1009,M100901,2020,07,controlp,controlp_tt,,,,,,,117037,
HKMDS,202010,T1009,M100901,2020,08,controlp,controlp_tt,,,,,,,82068,
HKMDS,202010,T1009,M100901,2020,09,controlp,controlp_tt,,,,,,,65481,
HKMDS,202010,T1010,M101001,2017,,controlp,controlp_01,,,,,,,12127560,
HKMDS,202010,T1010,M101001,2018,,controlp,controlp_01,,,,,,,12681474,
HKMDS,202010,T1010,M101001,2019,,controlp,controlp_01,,,,,,,12968194,
HKMDS,202010,T1010,M101001,2019,07,controlp,controlp_01,,,,,,,1233244,
HKMDS,202010,T1010,M101001,2019,08,controlp,controlp_01,,,,,,,1112268,
HKMDS,202010,T1010,M101001,2019,09,controlp,controlp_01,,,,,,,952674,
HKMDS,202010,T1010,M101001,2019,10,controlp,controlp_01,,,,,,,1012058,
HKMDS,202010,T1010,M101001,2019,11,controlp,controlp_01,,,,,,,1038742,
HKMDS,202010,T1010,M101001,2019,12,controlp,controlp_01,,,,,,,1304097,
HKMDS,202010,T1010,M101001,2020,01,controlp,controlp_01,,,,,,,1108413,
HKMDS,202010,T1010,M101001,2020,02,controlp,controlp_01,,,,,,,426112,
HKMDS,202010,T1010,M101001,2020,03,controlp,controlp_01,,,,,,,100556,
HKMDS,202010,T1010,M101001,2020,04,controlp,controlp_01,,,,,,,8436,
HKMDS,202010,T1010,M101001,2020,05,controlp,controlp_01,,,,,,,7894,
HKMDS,202010,T1010,M101001,2020,06,controlp,controlp_01,,,,,,,13974,
HKMDS,202010,T1010,M101001,2020,07,controlp,controlp_01,,,,,,,31258,
HKMDS,202010,T1010,M101001,2020,08,controlp,controlp_01,,,,,,,42122,
HKMDS,202010,T1010,M101001,2020,09,controlp,controlp_01,,,,,,,39626,
HKMDS,202010,T1010,M101001,2017,,controlp,controlp_02,,,,,,,3051,
HKMDS,202010,T1010,M101001,2018,,controlp,controlp_02,,,,,,,5144,
HKMDS,202010,T1010,M101001,2019,,controlp,controlp_02,,,,,,,4402,
HKMDS,202010,T1010,M101001,2019,07,controlp,controlp_02,,,,,,,367,
HKMDS,202010,T1010,M101001,2019,08,controlp,controlp_02,,,,,,,589,
HKMDS,202010,T1010,M101001,2019,09,controlp,controlp_02,,,,,,,127,
HKMDS,202010,T1010,M101001,2019,10,controlp,controlp_02,,,,,,,539,
HKMDS,202010,T1010,M101001,2019,11,controlp,controlp_02,,,,,,,262,
HKMDS,202010,T1010,M101001,2019,12,controlp,controlp_02,,,,,,,259,
HKMDS,202010,T1010,M101001,2020,01,controlp,controlp_02,,,,,,,482,
HKMDS,202010,T1010,M101001,2020,02,controlp,controlp_02,,,,,,,147,
HKMDS,202010,T1010,M101001,2020,03,controlp,controlp_02,,,,,,,355,
HKMDS,202010,T1010,M101001,2020,04,controlp,controlp_02,,,,,,,233,
HKMDS,202010,T1010,M101001,2020,05,controlp,controlp_02,,,,,,,267,
HKMDS,202010,T1010,M101001,2020,06,controlp,controlp_02,,,,,,,134,
HKMDS,202010,T1010,M101001,2020,07,controlp,controlp_02,,,,,,,367,
HKMDS,202010,T1010,M101001,2020,08,controlp,controlp_02,,,,,,,813,
HKMDS,202010,T1010,M101001,2020,09,controlp,controlp_02,,,,,,,415,
HKMDS,202010,T1010,M101001,2017,,controlp,controlp_03,,,,,,,4964704,
HKMDS,202010,T1010,M101001,2018,,controlp,controlp_03,,,,,,,4718284,
HKMDS,202010,T1010,M101001,2019,,controlp,controlp_03,,,,,,,3478064,
HKMDS,202010,T1010,M101001,2019,07,controlp,controlp_03,,,,,,,293802,
HKMDS,202010,T1010,M101001,2019,08,controlp,controlp_03,,,,,,,300159,
HKMDS,202010,T1010,M101001,2019,09,controlp,controlp_03,,,,,,,274685,
HKMDS,202010,T1010,M101001,2019,10,controlp,controlp_03,,,,,,,263824,
HKMDS,202010,T1010,M101001,2019,11,controlp,controlp_03,,,,,,,261588,
HKMDS,202010,T1010,M101001,2019,12,controlp,controlp_03,,,,,,,299170,
HKMDS,202010,T1010,M101001,2020,01,controlp,controlp_03,,,,,,,230303,
HKMDS,202010,T1010,M101001,2020,02,controlp,controlp_03,,,,,,,9073,
HKMDS,202010,T1010,M101001,2020,03,controlp,controlp_03,,,,,,,0,
HKMDS,202010,T1010,M101001,2020,04,controlp,controlp_03,,,,,,,0,
HKMDS,202010,T1010,M101001,2020,05,controlp,controlp_03,,,,,,,0,
HKMDS,202010,T1010,M101001,2020,06,controlp,controlp_03,,,,,,,0,
HKMDS,202010,T1010,M101001,2020,07,controlp,controlp_03,,,,,,,0,
HKMDS,202010,T1010,M101001,2020,08,controlp,controlp_03,,,,,,,0,
HKMDS,202010,T1010,M101001,2020,09,controlp,controlp_03,,,,,,,0,
HKMDS,202010,T1010,M101001,2017,,controlp,controlp_04,,,,,,,1491919,
HKMDS,202010,T1010,M101001,2018,,controlp,controlp_04,,,,,,,1416030,
HKMDS,202010,T1010,M101001,2019,,controlp,controlp_04,,,,,,,895153,
HKMDS,202010,T1010,M101001,2019,07,controlp,controlp_04,,,,,,,69789,
HKMDS,202010,T1010,M101001,2019,08,controlp,controlp_04,,,,,,,73532,
HKMDS,202010,T1010,M101001,2019,09,controlp,controlp_04,,,,,,,64877,
HKMDS,202010,T1010,M101001,2019,10,controlp,controlp_04,,,,,,,64261,
HKMDS,202010,T1010,M101001,2019,11,controlp,controlp_04,,,,,,,63702,
HKMDS,202010,T1010,M101001,2019,12,controlp,controlp_04,,,,,,,74816,
HKMDS,202010,T1010,M101001,2020,01,controlp,controlp_04,,,,,,,53291,
HKMDS,202010,T1010,M101001,2020,02,controlp,controlp_04,,,,,,,0,
HKMDS,202010,T1010,M101001,2020,03,controlp,controlp_04,,,,,,,0,
HKMDS,202010,T1010,M101001,2020,04,controlp,controlp_04,,,,,,,0,
HKMDS,202010,T1010,M101001,2020,05,controlp,controlp_04,,,,,,,0,
HKMDS,202010,T1010,M101001,2020,06,controlp,controlp_04,,,,,,,0,
HKMDS,202010,T1010,M101001,2020,07,controlp,controlp_04,,,,,,,0,
HKMDS,202010,T1010,M101001,2020,08,controlp,controlp_04,,,,,,,0,
HKMDS,202010,T1010,M101001,2020,09,controlp,controlp_04,,,,,,,0,
HKMDS,202010,T1010,M101001,2017,,controlp,controlp_05,,,,,,,319157,
HKMDS,202010,T1010,M101001,2018,,controlp,controlp_05,,,,,,,336236,
HKMDS,202010,T1010,M101001,2019,,controlp,controlp_05,,,,,,,244884,
HKMDS,202010,T1010,M101001,2019,07,controlp,controlp_05,,,,,,,20347,
HKMDS,202010,T1010,M101001,2019,08,controlp,controlp_05,,,,,,,23342,
HKMDS,202010,T1010,M101001,2019,09,controlp,controlp_05,,,,,,,18114,
HKMDS,202010,T1010,M101001,2019,10,controlp,controlp_05,,,,,,,17302,
HKMDS,202010,T1010,M101001,2019,11,controlp,controlp_05,,,,,,,17870,
HKMDS,202010,T1010,M101001,2019,12,controlp,controlp_05,,,,,,,18578,
HKMDS,202010,T1010,M101001,2020,01,controlp,controlp_05,,,,,,,13789,
HKMDS,202010,T1010,M101001,2020,02,controlp,controlp_05,,,,,,,0,
HKMDS,202010,T1010,M101001,2020,03,controlp,controlp_05,,,,,,,0,
HKMDS,202010,T1010,M101001,2020,04,controlp,controlp_05,,,,,,,0,
HKMDS,202010,T1010,M101001,2020,05,controlp,controlp_05,,,,,,,0,
HKMDS,202010,T1010,M101001,2020,06,controlp,controlp_05,,,,,,,0,
HKMDS,202010,T1010,M101001,2020,07,controlp,controlp_05,,,,,,,0,
HKMDS,202010,T1010,M101001,2020,08,controlp,controlp_05,,,,,,,0,
HKMDS,202010,T1010,M101001,2020,09,controlp,controlp_05,,,,,,,0,
HKMDS,202010,T1010,M101001,2017,,controlp,controlp_06,,,,,,,12,
HKMDS,202010,T1010,M101001,2018,,controlp,controlp_06,,,,,,,16,
HKMDS,202010,T1010,M101001,2019,,controlp,controlp_06,,,,,,,9,
HKMDS,202010,T1010,M101001,2019,07,controlp,controlp_06,,,,,,,0,
HKMDS,202010,T1010,M101001,2019,08,controlp,controlp_06,,,,,,,0,
HKMDS,202010,T1010,M101001,2019,09,controlp,controlp_06,,,,,,,0,
HKMDS,202010,T1010,M101001,2019,10,controlp,controlp_06,,,,,,,0,
HKMDS,202010,T1010,M101001,2019,11,controlp,controlp_06,,,,,,,0,
HKMDS,202010,T1010,M101001,2019,12,controlp,controlp_06,,,,,,,0,
HKMDS,202010,T1010,M101001,2020,01,controlp,controlp_06,,,,,,,0,
HKMDS,202010,T1010,M101001,2020,02,controlp,controlp_06,,,,,,,0,
HKMDS,202010,T1010,M101001,2020,03,controlp,controlp_06,,,,,,,0,
HKMDS,202010,T1010,M101001,2020,04,controlp,controlp_06,,,,,,,0,
HKMDS,202010,T1010,M101001,2020,05,controlp,controlp_06,,,,,,,0,
HKMDS,202010,T1010,M101001,2020,06,controlp,controlp_06,,,,,,,0,
HKMDS,202010,T1010,M101001,2020,07,controlp,controlp_06,,,,,,,0,
HKMDS,202010,T1010,M101001,2020,08,controlp,controlp_06,,,,,,,0,
HKMDS,202010,T1010,M101001,2020,09,controlp,controlp_06,,,,,,,5,
HKMDS,202010,T1010,M101001,2017,,controlp,controlp_07,,,,,,,445052,
HKMDS,202010,T1010,M101001,2018,,controlp,controlp_07,,,,,,,464205,
HKMDS,202010,T1010,M101001,2019,,controlp,controlp_07,,,,,,,420224,
HKMDS,202010,T1010,M101001,2019,07,controlp,controlp_07,,,,,,,46719,
HKMDS,202010,T1010,M101001,2019,08,controlp,controlp_07,,,,,,,51176,
HKMDS,202010,T1010,M101001,2019,09,controlp,controlp_07,,,,,,,33206,
HKMDS,202010,T1010,M101001,2019,10,controlp,controlp_07,,,,,,,31814,
HKMDS,202010,T1010,M101001,2019,11,controlp,controlp_07,,,,,,,27619,
HKMDS,202010,T1010,M101001,2019,12,controlp,controlp_07,,,,,,,37542,
HKMDS,202010,T1010,M101001,2020,01,controlp,controlp_07,,,,,,,30444,
HKMDS,202010,T1010,M101001,2020,02,controlp,controlp_07,,,,,,,2677,
HKMDS,202010,T1010,M101001,2020,03,controlp,controlp_07,,,,,,,0,
HKMDS,202010,T1010,M101001,2020,04,controlp,controlp_07,,,,,,,0,
HKMDS,202010,T1010,M101001,2020,05,controlp,controlp_07,,,,,,,0,
HKMDS,202010,T1010,M101001,2020,06,controlp,controlp_07,,,,,,,0,
HKMDS,202010,T1010,M101001,2020,07,controlp,controlp_07,,,,,,,0,
HKMDS,202010,T1010,M101001,2020,08,controlp,controlp_07,,,,,,,0,
HKMDS,202010,T1010,M101001,2020,09,controlp,controlp_07,,,,,,,0,
HKMDS,202010,T1010,M101001,2017,,controlp,controlp_08,,,,,,,841956,
HKMDS,202010,T1010,M101001,2018,,controlp,controlp_08,,,,,,,832307,
HKMDS,202010,T1010,M101001,2019,,controlp,controlp_08,,,,,,,549198,
HKMDS,202010,T1010,M101001,2019,07,controlp,controlp_08,,,,,,,46920,
HKMDS,202010,T1010,M101001,2019,08,controlp,controlp_08,,,,,,,45618,
HKMDS,202010,T1010,M101001,2019,09,controlp,controlp_08,,,,,,,37710,
HKMDS,202010,T1010,M101001,2019,10,controlp,controlp_08,,,,,,,33451,
HKMDS,202010,T1010,M101001,2019,11,controlp,controlp_08,,,,,,,14704,
HKMDS,202010,T1010,M101001,2019,12,controlp,controlp_08,,,,,,,36471,
HKMDS,202010,T1010,M101001,2020,01,controlp,controlp_08,,,,,,,35979,
HKMDS,202010,T1010,M101001,2020,02,controlp,controlp_08,,,,,,,0,
HKMDS,202010,T1010,M101001,2020,03,controlp,controlp_08,,,,,,,0,
HKMDS,202010,T1010,M101001,2020,04,controlp,controlp_08,,,,,,,0,
HKMDS,202010,T1010,M101001,2020,05,controlp,controlp_08,,,,,,,0,
HKMDS,202010,T1010,M101001,2020,06,controlp,controlp_08,,,,,,,0,
HKMDS,202010,T1010,M101001,2020,07,controlp,controlp_08,,,,,,,0,
HKMDS,202010,T1010,M101001,2020,08,controlp,controlp_08,,,,,,,0,
HKMDS,202010,T1010,M101001,2020,09,controlp,controlp_08,,,,,,,0,
HKMDS,202010,T1010,M101001,2017,,controlp,controlp_09,,,,,,,29835452,
HKMDS,202010,T1010,M101001,2018,,controlp,controlp_09,,,,,,,30446046,
HKMDS,202010,T1010,M101001,2019,,controlp,controlp_09,,,,,,,29382940,
HKMDS,202010,T1010,M101001,2019,07,controlp,controlp_09,,,,,,,2493572,
HKMDS,202010,T1010,M101001,2019,08,controlp,controlp_09,,,,,,,2384542,
HKMDS,202010,T1010,M101001,2019,09,controlp,controlp_09,,,,,,,2427074,
HKMDS,202010,T1010,M101001,2019,10,controlp,controlp_09,,,,,,,2155397,
HKMDS,202010,T1010,M101001,2019,11,controlp,controlp_09,,,,,,,1904266,
HKMDS,202010,T1010,M101001,2019,12,controlp,controlp_09,,,,,,,2586205,
HKMDS,202010,T1010,M101001,2020,01,controlp,controlp_09,,,,,,,2070712,
HKMDS,202010,T1010,M101001,2020,02,controlp,controlp_09,,,,,,,35272,
HKMDS,202010,T1010,M101001,2020,03,controlp,controlp_09,,,,,,,0,
HKMDS,202010,T1010,M101001,2020,04,controlp,controlp_09,,,,,,,0,
HKMDS,202010,T1010,M101001,2020,05,controlp,controlp_09,,,,,,,0,
HKMDS,202010,T1010,M101001,2020,06,controlp,controlp_09,,,,,,,0,
HKMDS,202010,T1010,M101001,2020,07,controlp,controlp_09,,,,,,,0,
HKMDS,202010,T1010,M101001,2020,08,controlp,controlp_09,,,,,,,0,
HKMDS,202010,T1010,M101001,2020,09,controlp,controlp_09,,,,,,,0,
HKMDS,202010,T1010,M101001,2017,,controlp,controlp_10,,,,,,,19361550,
HKMDS,202010,T1010,M101001,2018,,controlp,controlp_10,,,,,,,17137983,
HKMDS,202010,T1010,M101001,2019,,controlp,controlp_10,,,,,,,16766773,
HKMDS,202010,T1010,M101001,2019,07,controlp,controlp_10,,,,,,,1372249,
HKMDS,202010,T1010,M101001,2019,08,controlp,controlp_10,,,,,,,1255073,
HKMDS,202010,T1010,M101001,2019,09,controlp,controlp_10,,,,,,,1354295,
HKMDS,202010,T1010,M101001,2019,10,controlp,controlp_10,,,,,,,1352121,
HKMDS,202010,T1010,M101001,2019,11,controlp,controlp_10,,,,,,,1224924,
HKMDS,202010,T1010,M101001,2019,12,controlp,controlp_10,,,,,,,1447030,
HKMDS,202010,T1010,M101001,2020,01,controlp,controlp_10,,,,,,,1124878,
HKMDS,202010,T1010,M101001,2020,02,controlp,controlp_10,,,,,,,28486,
HKMDS,202010,T1010,M101001,2020,03,controlp,controlp_10,,,,,,,0,
HKMDS,202010,T1010,M101001,2020,04,controlp,controlp_10,,,,,,,0,
HKMDS,202010,T1010,M101001,2020,05,controlp,controlp_10,,,,,,,0,
HKMDS,202010,T1010,M101001,2020,06,controlp,controlp_10,,,,,,,13911,
HKMDS,202010,T1010,M101001,2020,07,controlp,controlp_10,,,,,,,7775,
HKMDS,202010,T1010,M101001,2020,08,controlp,controlp_10,,,,,,,0,
HKMDS,202010,T1010,M101001,2020,09,controlp,controlp_10,,,,,,,0,
HKMDS,202010,T1010,M101001,2017,,controlp,controlp_11,,,,,,,9068237,
HKMDS,202010,T1010,M101001,2018,,controlp,controlp_11,,,,,,,8998322,
HKMDS,202010,T1010,M101001,2019,,controlp,controlp_11,,,,,,,8248387,
HKMDS,202010,T1010,M101001,2019,07,controlp,controlp_11,,,,,,,684088,
HKMDS,202010,T1010,M101001,2019,08,controlp,controlp_11,,,,,,,640084,
HKMDS,202010,T1010,M101001,2019,09,controlp,controlp_11,,,,,,,619124,
HKMDS,202010,T1010,M101001,2019,10,controlp,controlp_11,,,,,,,703419,
HKMDS,202010,T1010,M101001,2019,11,controlp,controlp_11,,,,,,,761312,
HKMDS,202010,T1010,M101001,2019,12,controlp,controlp_11,,,,,,,682676,
HKMDS,202010,T1010,M101001,2020,01,controlp,controlp_11,,,,,,,551394,
HKMDS,202010,T1010,M101001,2020,02,controlp,controlp_11,,,,,,,14763,
HKMDS,202010,T1010,M101001,2020,03,controlp,controlp_11,,,,,,,0,
HKMDS,202010,T1010,M101001,2020,04,controlp,controlp_11,,,,,,,0,
HKMDS,202010,T1010,M101001,2020,05,controlp,controlp_11,,,,,,,0,
HKMDS,202010,T1010,M101001,2020,06,controlp,controlp_11,,,,,,,0,
HKMDS,202010,T1010,M101001,2020,07,controlp,controlp_11,,,,,,,0,
HKMDS,202010,T1010,M101001,2020,08,controlp,controlp_11,,,,,,,0,
HKMDS,202010,T1010,M101001,2020,09,controlp,controlp_11,,,,,,,0,
HKMDS,202010,T1010,M101001,2017,,controlp,controlp_12,,,,,,,1174178,
HKMDS,202010,T1010,M101001,2018,,controlp,controlp_12,,,,,,,1166042,
HKMDS,202010,T1010,M101001,2019,,controlp,controlp_12,,,,,,,1088613,
HKMDS,202010,T1010,M101001,2019,07,controlp,controlp_12,,,,,,,70335,
HKMDS,202010,T1010,M101001,2019,08,controlp,controlp_12,,,,,,,55881,
HKMDS,202010,T1010,M101001,2019,09,controlp,controlp_12,,,,,,,95002,
HKMDS,202010,T1010,M101001,2019,10,controlp,controlp_12,,,,,,,114143,
HKMDS,202010,T1010,M101001,2019,11,controlp,controlp_12,,,,,,,103140,
HKMDS,202010,T1010,M101001,2019,12,controlp,controlp_12,,,,,,,88973,
HKMDS,202010,T1010,M101001,2020,01,controlp,controlp_12,,,,,,,75741,
HKMDS,202010,T1010,M101001,2020,02,controlp,controlp_12,,,,,,,0,
HKMDS,202010,T1010,M101001,2020,03,controlp,controlp_12,,,,,,,0,
HKMDS,202010,T1010,M101001,2020,04,controlp,controlp_12,,,,,,,0,
HKMDS,202010,T1010,M101001,2020,05,controlp,controlp_12,,,,,,,0,
HKMDS,202010,T1010,M101001,2020,06,controlp,controlp_12,,,,,,,0,
HKMDS,202010,T1010,M101001,2020,07,controlp,controlp_12,,,,,,,0,
HKMDS,202010,T1010,M101001,2020,08,controlp,controlp_12,,,,,,,0,
HKMDS,202010,T1010,M101001,2020,09,controlp,controlp_12,,,,,,,0,
HKMDS,202010,T1010,M101001,2017,,controlp,controlp_13,,,,,,,1070416,
HKMDS,202010,T1010,M101001,2018,,controlp,controlp_13,,,,,,,1048816,
HKMDS,202010,T1010,M101001,2019,,controlp,controlp_13,,,,,,,977130,
HKMDS,202010,T1010,M101001,2019,07,controlp,controlp_13,,,,,,,72532,
HKMDS,202010,T1010,M101001,2019,08,controlp,controlp_13,,,,,,,66901,
HKMDS,202010,T1010,M101001,2019,09,controlp,controlp_13,,,,,,,82200,
HKMDS,202010,T1010,M101001,2019,10,controlp,controlp_13,,,,,,,85264,
HKMDS,202010,T1010,M101001,2019,11,controlp,controlp_13,,,,,,,80169,
HKMDS,202010,T1010,M101001,2019,12,controlp,controlp_13,,,,,,,83429,
HKMDS,202010,T1010,M101001,2020,01,controlp,controlp_13,,,,,,,71569,
HKMDS,202010,T1010,M101001,2020,02,controlp,controlp_13,,,,,,,0,
HKMDS,202010,T1010,M101001,2020,03,controlp,controlp_13,,,,,,,0,
HKMDS,202010,T1010,M101001,2020,04,controlp,controlp_13,,,,,,,0,
HKMDS,202010,T1010,M101001,2020,05,controlp,controlp_13,,,,,,,0,
HKMDS,202010,T1010,M101001,2020,06,controlp,controlp_13,,,,,,,0,
HKMDS,202010,T1010,M101001,2020,07,controlp,controlp_13,,,,,,,0,
HKMDS,202010,T1010,M101001,2020,08,controlp,controlp_13,,,,,,,0,
HKMDS,202010,T1010,M101001,2020,09,controlp,controlp_13,,,,,,,0,
HKMDS,202010,T1010,M101001,2017,,controlp,controlp_14,,,,,,,10600406,
HKMDS,202010,T1010,M101001,2018,,controlp,controlp_14,,,,,,,11160462,
HKMDS,202010,T1010,M101001,2019,,controlp,controlp_14,,,,,,,11089436,
HKMDS,202010,T1010,M101001,2019,07,controlp,controlp_14,,,,,,,855802,
HKMDS,202010,T1010,M101001,2019,08,controlp,controlp_14,,,,,,,812693,
HKMDS,202010,T1010,M101001,2019,09,controlp,controlp_14,,,,,,,877681,
HKMDS,202010,T1010,M101001,2019,10,controlp,controlp_14,,,,,,,921976,
HKMDS,202010,T1010,M101001,2019,11,controlp,controlp_14,,,,,,,957538,
HKMDS,202010,T1010,M101001,2019,12,controlp,controlp_14,,,,,,,1013297,
HKMDS,202010,T1010,M101001,2020,01,controlp,controlp_14,,,,,,,791570,
HKMDS,202010,T1010,M101001,2020,02,controlp,controlp_14,,,,,,,101746,
HKMDS,202010,T1010,M101001,2020,03,controlp,controlp_14,,,,,,,46927,
HKMDS,202010,T1010,M101001,2020,04,controlp,controlp_14,,,,,,,8557,
HKMDS,202010,T1010,M101001,2020,05,controlp,controlp_14,,,,,,,8312,
HKMDS,202010,T1010,M101001,2020,06,controlp,controlp_14,,,,,,,19170,
HKMDS,202010,T1010,M101001,2020,07,controlp,controlp_14,,,,,,,43703,
HKMDS,202010,T1010,M101001,2020,08,controlp,controlp_14,,,,,,,25682,
HKMDS,202010,T1010,M101001,2020,09,controlp,controlp_14,,,,,,,15777,
HKMDS,202010,T1010,M101001,2018,,controlp,controlp_15,,,,,,,867913,
HKMDS,202010,T1010,M101001,2019,,controlp,controlp_15,,,,,,,3355166,
HKMDS,202010,T1010,M101001,2019,07,controlp,controlp_15,,,,,,,273299,
HKMDS,202010,T1010,M101001,2019,08,controlp,controlp_15,,,,,,,281776,
HKMDS,202010,T1010,M101001,2019,09,controlp,controlp_15,,,,,,,240713,
HKMDS,202010,T1010,M101001,2019,10,controlp,controlp_15,,,,,,,257089,
HKMDS,202010,T1010,M101001,2019,11,controlp,controlp_15,,,,,,,343645,
HKMDS,202010,T1010,M101001,2019,12,controlp,controlp_15,,,,,,,342048,
HKMDS,202010,T1010,M101001,2020,01,controlp,controlp_15,,,,,,,259349,
HKMDS,202010,T1010,M101001,2020,02,controlp,controlp_15,,,,,,,0,
HKMDS,202010,T1010,M101001,2020,03,controlp,controlp_15,,,,,,,0,
HKMDS,202010,T1010,M101001,2020,04,controlp,controlp_15,,,,,,,0,
HKMDS,202010,T1010,M101001,2020,05,controlp,controlp_15,,,,,,,0,
HKMDS,202010,T1010,M101001,2020,06,controlp,controlp_15,,,,,,,0,
HKMDS,202010,T1010,M101001,2020,07,controlp,controlp_15,,,,,,,0,
HKMDS,202010,T1010,M101001,2020,08,controlp,controlp_15,,,,,,,0,
HKMDS,202010,T1010,M101001,2020,09,controlp,controlp_15,,,,,,,0,
HKMDS,202010,T1010,M101001,2018,,controlp,controlp_16,,,,,,,934552,
HKMDS,202010,T1010,M101001,2019,,controlp,controlp_16,,,,,,,5246388,
HKMDS,202010,T1010,M101001,2019,07,controlp,controlp_16,,,,,,,439597,
HKMDS,202010,T1010,M101001,2019,08,controlp,controlp_16,,,,,,,462111,
HKMDS,202010,T1010,M101001,2019,09,controlp,controlp_16,,,,,,,381785,
HKMDS,202010,T1010,M101001,2019,10,controlp,controlp_16,,,,,,,402439,
HKMDS,202010,T1010,M101001,2019,11,controlp,controlp_16,,,,,,,417092,
HKMDS,202010,T1010,M101001,2019,12,controlp,controlp_16,,,,,,,509097,
HKMDS,202010,T1010,M101001,2020,01,controlp,controlp_16,,,,,,,359014,
HKMDS,202010,T1010,M101001,2020,02,controlp,controlp_16,,,,,,,73241,
HKMDS,202010,T1010,M101001,2020,03,controlp,controlp_16,,,,,,,137247,
HKMDS,202010,T1010,M101001,2020,04,controlp,controlp_16,,,,,,,830,
HKMDS,202010,T1010,M101001,2020,05,controlp,controlp_16,,,,,,,837,
HKMDS,202010,T1010,M101001,2020,06,controlp,controlp_16,,,,,,,1841,
HKMDS,202010,T1010,M101001,2020,07,controlp,controlp_16,,,,,,,7389,
HKMDS,202010,T1010,M101001,2020,08,controlp,controlp_16,,,,,,,5029,
HKMDS,202010,T1010,M101001,2020,09,controlp,controlp_16,,,,,,,3338,
HKMDS,202010,T1010,M101001,2020,08,controlp,controlp_17,,,,,,,0,
HKMDS,202010,T1010,M101001,2020,09,controlp,controlp_17,,,,,,,0,
HKMDS,202010,T1010,M101001,2017,,controlp,controlp_tt,,,,,,,91303650,
HKMDS,202010,T1010,M101001,2018,,controlp,controlp_tt,,,,,,,92213832,
HKMDS,202010,T1010,M101001,2019,,controlp,controlp_tt,,,,,,,94714961,
HKMDS,202010,T1010,M101001,2019,07,controlp,controlp_tt,,,,,,,7972662,
HKMDS,202010,T1010,M101001,2019,08,controlp,controlp_tt,,,,,,,7565745,
HKMDS,202010,T1010,M101001,2019,09,controlp,controlp_tt,,,,,,,7459267,
HKMDS,202010,T1010,M101001,2019,10,controlp,controlp_tt,,,,,,,7415097,
HKMDS,202010,T1010,M101001,2019,11,controlp,controlp_tt,,,,,,,7216573,
HKMDS,202010,T1010,M101001,2019,12,controlp,controlp_tt,,,,,,,8523688,
HKMDS,202010,T1010,M101001,2020,01,controlp,controlp_tt,,,,,,,6776928,
HKMDS,202010,T1010,M101001,2020,02,controlp,controlp_tt,,,,,,,691517,
HKMDS,202010,T1010,M101001,2020,03,controlp,controlp_tt,,,,,,,285085,
HKMDS,202010,T1010,M101001,2020,04,controlp,controlp_tt,,,,,,,18056,
HKMDS,202010,T1010,M101001,2020,05,controlp,controlp_tt,,,,,,,17310,
HKMDS,202010,T1010,M101001,2020,06,controlp,controlp_tt,,,,,,,49030,
HKMDS,202010,T1010,M101001,2020,07,controlp,controlp_tt,,,,,,,90492,
HKMDS,202010,T1010,M101001,2020,08,controlp,controlp_tt,,,,,,,73646,
HKMDS,202010,T1010,M101001,2020,09,controlp,controlp_tt,,,,,,,59161,
HKMDS,202010,T1011,M101101,2017,,candr,candr_01,,,,,,,130743,
HKMDS,202010,T1011,M101101,2018,,candr,candr_01,,,,,,,128998,
HKMDS,202010,T1011,M101101,2019,,candr,candr_01,,,,,,,115076,
HKMDS,202010,T1011,M101101,2019,06,candr,candr_01,,,,,,,9835,
HKMDS,202010,T1011,M101101,2019,07,candr,candr_01,,,,,,,9853,
HKMDS,202010,T1011,M101101,2019,08,candr,candr_01,,,,,,,8393,
HKMDS,202010,T1011,M101101,2019,09,candr,candr_01,,,,,,,9317,
HKMDS,202010,T1011,M101101,2019,10,candr,candr_01,,,,,,,9924,
HKMDS,202010,T1011,M101101,2019,11,candr,candr_01,,,,,,,7713,
HKMDS,202010,T1011,M101101,2019,12,candr,candr_01,,,,,,,9667,
HKMDS,202010,T1011,M101101,2020,01,candr,candr_01,,,,,,,6585,
HKMDS,202010,T1011,M101101,2020,02,candr,candr_01,,,,,,,1148,
HKMDS,202010,T1011,M101101,2020,03,candr,candr_01,,,,,,,434,
HKMDS,202010,T1011,M101101,2020,04,candr,candr_01,,,,,,,7,
HKMDS,202010,T1011,M101101,2020,05,candr,candr_01,,,,,,,11,
HKMDS,202010,T1011,M101101,2020,06,candr,candr_01,,,,,,,65,
HKMDS,202010,T1011,M101101,2020,07,candr,candr_01,,,,,,,89,
HKMDS,202010,T1011,M101101,2020,08,candr,candr_01,,,,,,,26,
HKMDS,202010,T1011,M101101,2017,,candr,candr_02,,,,,,,1781819,
HKMDS,202010,T1011,M101101,2018,,candr,candr_02,,,,,,,1872540,
HKMDS,202010,T1011,M101101,2019,,candr,candr_02,,,,,,,1600755,
HKMDS,202010,T1011,M101101,2019,06,candr,candr_02,,,,,,,142404,
HKMDS,202010,T1011,M101101,2019,07,candr,candr_02,,,,,,,145241,
HKMDS,202010,T1011,M101101,2019,08,candr,candr_02,,,,,,,96672,
HKMDS,202010,T1011,M101101,2019,09,candr,candr_02,,,,,,,89728,
HKMDS,202010,T1011,M101101,2019,10,candr,candr_02,,,,,,,118597,
HKMDS,202010,T1011,M101101,2019,11,candr,candr_02,,,,,,,114631,
HKMDS,202010,T1011,M101101,2019,12,candr,candr_02,,,,,,,109081,
HKMDS,202010,T1011,M101101,2020,01,candr,candr_02,,,,,,,101048,
HKMDS,202010,T1011,M101101,2020,02,candr,candr_02,,,,,,,14121,
HKMDS,202010,T1011,M101101,2020,03,candr,candr_02,,,,,,,4749,
HKMDS,202010,T1011,M101101,2020,04,candr,candr_02,,,,,,,201,
HKMDS,202010,T1011,M101101,2020,05,candr,candr_02,,,,,,,373,
HKMDS,202010,T1011,M101101,2020,06,candr,candr_02,,,,,,,686,
HKMDS,202010,T1011,M101101,2020,07,candr,candr_02,,,,,,,721,
HKMDS,202010,T1011,M101101,2020,08,candr,candr_02,,,,,,,228,
HKMDS,202010,T1011,M101101,2017,,candr,candr_03,,,,,,,687127,
HKMDS,202010,T1011,M101101,2018,,candr,candr_03,,,,,,,703789,
HKMDS,202010,T1011,M101101,2019,,candr,candr_03,,,,,,,612276,
HKMDS,202010,T1011,M101101,2019,06,candr,candr_03,,,,,,,53414,
HKMDS,202010,T1011,M101101,2019,07,candr,candr_03,,,,,,,51670,
HKMDS,202010,T1011,M101101,2019,08,candr,candr_03,,,,,,,37282,
HKMDS,202010,T1011,M101101,2019,09,candr,candr_03,,,,,,,43922,
HKMDS,202010,T1011,M101101,2019,10,candr,candr_03,,,,,,,45078,
HKMDS,202010,T1011,M101101,2019,11,candr,candr_03,,,,,,,33807,
HKMDS,202010,T1011,M101101,2019,12,candr,candr_03,,,,,,,46807,
HKMDS,202010,T1011,M101101,2020,01,candr,candr_03,,,,,,,48224,
HKMDS,202010,T1011,M101101,2020,02,candr,candr_03,,,,,,,6601,
HKMDS,202010,T1011,M101101,2020,03,candr,candr_03,,,,,,,2022,
HKMDS,202010,T1011,M101101,2020,04,candr,candr_03,,,,,,,42,
HKMDS,202010,T1011,M101101,2020,05,candr,candr_03,,,,,,,102,
HKMDS,202010,T1011,M101101,2020,06,candr,candr_03,,,,,,,161,
HKMDS,202010,T1011,M101101,2020,07,candr,candr_03,,,,,,,118,
HKMDS,202010,T1011,M101101,2020,08,candr,candr_03,,,,,,,43,
HKMDS,202010,T1011,M101101,2017,,candr,candr_04,,,,,,,1901451,
HKMDS,202010,T1011,M101101,2018,,candr,candr_04,,,,,,,1937642,
HKMDS,202010,T1011,M101101,2019,,candr,candr_04,,,,,,,1728382,
HKMDS,202010,T1011,M101101,2019,06,candr,candr_04,,,,,,,112294,
HKMDS,202010,T1011,M101101,2019,07,candr,candr_04,,,,,,,131838,
HKMDS,202010,T1011,M101101,2019,08,candr,candr_04,,,,,,,120081,
HKMDS,202010,T1011,M101101,2019,09,candr,candr_04,,,,,,,107338,
HKMDS,202010,T1011,M101101,2019,10,candr,candr_04,,,,,,,158708,
HKMDS,202010,T1011,M101101,2019,11,candr,candr_04,,,,,,,139445,
HKMDS,202010,T1011,M101101,2019,12,candr,candr_04,,,,,,,121522,
HKMDS,202010,T1011,M101101,2020,01,candr,candr_04,,,,,,,113913,
HKMDS,202010,T1011,M101101,2020,02,candr,candr_04,,,,,,,22070,
HKMDS,202010,T1011,M101101,2020,03,candr,candr_04,,,,,,,8879,
HKMDS,202010,T1011,M101101,2020,04,candr,candr_04,,,,,,,261,
HKMDS,202010,T1011,M101101,2020,05,candr,candr_04,,,,,,,959,
HKMDS,202010,T1011,M101101,2020,06,candr,candr_04,,,,,,,3605,
HKMDS,202010,T1011,M101101,2020,07,candr,candr_04,,,,,,,6255,
HKMDS,202010,T1011,M101101,2020,08,candr,candr_04,,,,,,,535,
HKMDS,202010,T1011,M101101,2017,,candr,candr_05,,,,,,,170108,
HKMDS,202010,T1011,M101101,2018,,candr,candr_05,,,,,,,165343,
HKMDS,202010,T1011,M101101,2019,,candr,candr_05,,,,,,,141846,
HKMDS,202010,T1011,M101101,2019,06,candr,candr_05,,,,,,,10967,
HKMDS,202010,T1011,M101101,2019,07,candr,candr_05,,,,,,,13309,
HKMDS,202010,T1011,M101101,2019,08,candr,candr_05,,,,,,,12986,
HKMDS,202010,T1011,M101101,2019,09,candr,candr_05,,,,,,,9929,
HKMDS,202010,T1011,M101101,2019,10,candr,candr_05,,,,,,,13154,
HKMDS,202010,T1011,M101101,2019,11,candr,candr_05,,,,,,,9644,
HKMDS,202010,T1011,M101101,2019,12,candr,candr_05,,,,,,,9347,
HKMDS,202010,T1011,M101101,2020,01,candr,candr_05,,,,,,,8779,
HKMDS,202010,T1011,M101101,2020,02,candr,candr_05,,,,,,,829,
HKMDS,202010,T1011,M101101,2020,03,candr,candr_05,,,,,,,362,
HKMDS,202010,T1011,M101101,2020,04,candr,candr_05,,,,,,,2,
HKMDS,202010,T1011,M101101,2020,05,candr,candr_05,,,,,,,3,
HKMDS,202010,T1011,M101101,2020,06,candr,candr_05,,,,,,,269,
HKMDS,202010,T1011,M101101,2020,07,candr,candr_05,,,,,,,540,
HKMDS,202010,T1011,M101101,2020,08,candr,candr_05,,,,,,,55,
HKMDS,202010,T1011,M101101,2017,,candr,candr_06,,,,,,,2717680,
HKMDS,202010,T1011,M101101,2018,,candr,candr_06,,,,,,,2709184,
HKMDS,202010,T1011,M101101,2019,,candr,candr_06,,,,,,,2121376,
HKMDS,202010,T1011,M101101,2019,06,candr,candr_06,,,,,,,186493,
HKMDS,202010,T1011,M101101,2019,07,candr,candr_06,,,,,,,168118,
HKMDS,202010,T1011,M101101,2019,08,candr,candr_06,,,,,,,161286,
HKMDS,202010,T1011,M101101,2019,09,candr,candr_06,,,,,,,105308,
HKMDS,202010,T1011,M101101,2019,10,candr,candr_06,,,,,,,102770,
HKMDS,202010,T1011,M101101,2019,11,candr,candr_06,,,,,,,87869,
HKMDS,202010,T1011,M101101,2019,12,candr,candr_06,,,,,,,84420,
HKMDS,202010,T1011,M101101,2020,01,candr,candr_06,,,,,,,78500,
HKMDS,202010,T1011,M101101,2020,02,candr,candr_06,,,,,,,9652,
HKMDS,202010,T1011,M101101,2020,03,candr,candr_06,,,,,,,1395,
HKMDS,202010,T1011,M101101,2020,04,candr,candr_06,,,,,,,40,
HKMDS,202010,T1011,M101101,2020,05,candr,candr_06,,,,,,,74,
HKMDS,202010,T1011,M101101,2020,06,candr,candr_06,,,,,,,133,
HKMDS,202010,T1011,M101101,2020,07,candr,candr_06,,,,,,,159,
HKMDS,202010,T1011,M101101,2020,08,candr,candr_06,,,,,,,43,
HKMDS,202010,T1011,M101101,2017,,candr,candr_07,,,,,,,3626158,
HKMDS,202010,T1011,M101101,2018,,candr,candr_07,,,,,,,3571671,
HKMDS,202010,T1011,M101101,2019,,candr,candr_07,,,,,,,3040518,
HKMDS,202010,T1011,M101101,2019,06,candr,candr_07,,,,,,,357033,
HKMDS,202010,T1011,M101101,2019,07,candr,candr_07,,,,,,,241685,
HKMDS,202010,T1011,M101101,2019,08,candr,candr_07,,,,,,,156681,
HKMDS,202010,T1011,M101101,2019,09,candr,candr_07,,,,,,,156665,
HKMDS,202010,T1011,M101101,2019,10,candr,candr_07,,,,,,,178148,
HKMDS,202010,T1011,M101101,2019,11,candr,candr_07,,,,,,,180831,
HKMDS,202010,T1011,M101101,2019,12,candr,candr_07,,,,,,,226178,
HKMDS,202010,T1011,M101101,2020,01,candr,candr_07,,,,,,,147123,
HKMDS,202010,T1011,M101101,2020,02,candr,candr_07,,,,,,,18633,
HKMDS,202010,T1011,M101101,2020,03,candr,candr_07,,,,,,,9836,
HKMDS,202010,T1011,M101101,2020,04,candr,candr_07,,,,,,,366,
HKMDS,202010,T1011,M101101,2020,05,candr,candr_07,,,,,,,389,
HKMDS,202010,T1011,M101101,2020,06,candr,candr_07,,,,,,,2393,
HKMDS,202010,T1011,M101101,2020,07,candr,candr_07,,,,,,,6255,
HKMDS,202010,T1011,M101101,2020,08,candr,candr_07,,,,,,,779,
HKMDS,202010,T1011,M101101,2017,,candr,candr_08,,,,,,,2010755,
HKMDS,202010,T1011,M101101,2018,,candr,candr_08,,,,,,,1925234,
HKMDS,202010,T1011,M101101,2019,,candr,candr_08,,,,,,,1538915,
HKMDS,202010,T1011,M101101,2019,06,candr,candr_08,,,,,,,155363,
HKMDS,202010,T1011,M101101,2019,07,candr,candr_08,,,,,,,152560,
HKMDS,202010,T1011,M101101,2019,08,candr,candr_08,,,,,,,107702,
HKMDS,202010,T1011,M101101,2019,09,candr,candr_08,,,,,,,94497,
HKMDS,202010,T1011,M101101,2019,10,candr,candr_08,,,,,,,98734,
HKMDS,202010,T1011,M101101,2019,11,candr,candr_08,,,,,,,78484,
HKMDS,202010,T1011,M101101,2019,12,candr,candr_08,,,,,,,82950,
HKMDS,202010,T1011,M101101,2020,01,candr,candr_08,,,,,,,86297,
HKMDS,202010,T1011,M101101,2020,02,candr,candr_08,,,,,,,8029,
HKMDS,202010,T1011,M101101,2020,03,candr,candr_08,,,,,,,7319,
HKMDS,202010,T1011,M101101,2020,04,candr,candr_08,,,,,,,213,
HKMDS,202010,T1011,M101101,2020,05,candr,candr_08,,,,,,,455,
HKMDS,202010,T1011,M101101,2020,06,candr,candr_08,,,,,,,495,
HKMDS,202010,T1011,M101101,2020,07,candr,candr_08,,,,,,,552,
HKMDS,202010,T1011,M101101,2020,08,candr,candr_08,,,,,,,265,
HKMDS,202010,T1011,M101101,2017,,candr,candr_09,,,,,,,44445259,
HKMDS,202010,T1011,M101101,2018,,candr,candr_09,,,,,,,51038230,
HKMDS,202010,T1011,M101101,2019,,candr,candr_09,,,,,,,43774685,
HKMDS,202010,T1011,M101101,2019,06,candr,candr_09,,,,,,,4000994,
HKMDS,202010,T1011,M101101,2019,07,candr,candr_09,,,,,,,4160688,
HKMDS,202010,T1011,M101101,2019,08,candr,candr_09,,,,,,,2782897,
HKMDS,202010,T1011,M101101,2019,09,candr,candr_09,,,,,,,2412459,
HKMDS,202010,T1011,M101101,2019,10,candr,candr_09,,,,,,,2519243,
HKMDS,202010,T1011,M101101,2019,11,candr,candr_09,,,,,,,1927649,
HKMDS,202010,T1011,M101101,2019,12,candr,candr_09,,,,,,,2398232,
HKMDS,202010,T1011,M101101,2020,01,candr,candr_09,,,,,,,2536768,
HKMDS,202010,T1011,M101101,2020,02,candr,candr_09,,,,,,,98804,
HKMDS,202010,T1011,M101101,2020,03,candr,candr_09,,,,,,,30370,
HKMDS,202010,T1011,M101101,2020,04,candr,candr_09,,,,,,,2947,
HKMDS,202010,T1011,M101101,2020,05,candr,candr_09,,,,,,,5670,
HKMDS,202010,T1011,M101101,2020,06,candr,candr_09,,,,,,,6682,
HKMDS,202010,T1011,M101101,2020,07,candr,candr_09,,,,,,,5735,
HKMDS,202010,T1011,M101101,2020,08,candr,candr_09,,,,,,,2337,
HKMDS,202010,T1011,M101101,2017,,candr,candr_10,,,,,,,1000967,
HKMDS,202010,T1011,M101101,2018,,candr,candr_10,,,,,,,1094785,
HKMDS,202010,T1011,M101101,2019,,candr,candr_10,,,,,,,1238709,
HKMDS,202010,T1011,M101101,2019,06,candr,candr_10,,,,,,,114924,
HKMDS,202010,T1011,M101101,2019,07,candr,candr_10,,,,,,,121996,
HKMDS,202010,T1011,M101101,2019,08,candr,candr_10,,,,,,,106591,
HKMDS,202010,T1011,M101101,2019,09,candr,candr_10,,,,,,,74881,
HKMDS,202010,T1011,M101101,2019,10,candr,candr_10,,,,,,,67214,
HKMDS,202010,T1011,M101101,2019,11,candr,candr_10,,,,,,,66048,
HKMDS,202010,T1011,M101101,2019,12,candr,candr_10,,,,,,,103260,
HKMDS,202010,T1011,M101101,2020,01,candr,candr_10,,,,,,,80560,
HKMDS,202010,T1011,M101101,2020,02,candr,candr_10,,,,,,,19236,
HKMDS,202010,T1011,M101101,2020,03,candr,candr_10,,,,,,,16918,
HKMDS,202010,T1011,M101101,2020,04,candr,candr_10,,,,,,,46,
HKMDS,202010,T1011,M101101,2020,05,candr,candr_10,,,,,,,103,
HKMDS,202010,T1011,M101101,2020,06,candr,candr_10,,,,,,,117,
HKMDS,202010,T1011,M101101,2020,07,candr,candr_10,,,,,,,144,
HKMDS,202010,T1011,M101101,2020,08,candr,candr_10,,,,,,,138,
HKMDS,202010,T1011,M101101,2017,,candr,candr_11,,,,,,,90,
HKMDS,202010,T1011,M101101,2018,,candr,candr_11,,,,,,,139,
HKMDS,202010,T1011,M101101,2019,,candr,candr_11,,,,,,,71,
HKMDS,202010,T1011,M101101,2019,06,candr,candr_11,,,,,,,13,
HKMDS,202010,T1011,M101101,2019,07,candr,candr_11,,,,,,,11,
HKMDS,202010,T1011,M101101,2019,08,candr,candr_11,,,,,,,0,
HKMDS,202010,T1011,M101101,2019,09,candr,candr_11,,,,,,,5,
HKMDS,202010,T1011,M101101,2019,10,candr,candr_11,,,,,,,1,
HKMDS,202010,T1011,M101101,2019,11,candr,candr_11,,,,,,,6,
HKMDS,202010,T1011,M101101,2019,12,candr,candr_11,,,,,,,2,
HKMDS,202010,T1011,M101101,2020,01,candr,candr_11,,,,,,,5,
HKMDS,202010,T1011,M101101,2020,02,candr,candr_11,,,,,,,0,
HKMDS,202010,T1011,M101101,2020,03,candr,candr_11,,,,,,,1,
HKMDS,202010,T1011,M101101,2020,04,candr,candr_11,,,,,,,0,
HKMDS,202010,T1011,M101101,2020,05,candr,candr_11,,,,,,,0,
HKMDS,202010,T1011,M101101,2020,06,candr,candr_11,,,,,,,0,
HKMDS,202010,T1011,M101101,2020,07,candr,candr_11,,,,,,,0,
HKMDS,202010,T1011,M101101,2020,08,candr,candr_11,,,,,,,0,
HKMDS,202010,T1011,M101101,2017,,candr,candr_tt,,,,,,,58472157,
HKMDS,202010,T1011,M101101,2018,,candr,candr_tt,,,,,,,65147555,
HKMDS,202010,T1011,M101101,2019,,candr,candr_tt,,,,,,,55912609,
HKMDS,202010,T1011,M101101,2019,06,candr,candr_tt,,,,,,,5143734,
HKMDS,202010,T1011,M101101,2019,07,candr,candr_tt,,,,,,,5196969,
HKMDS,202010,T1011,M101101,2019,08,candr,candr_tt,,,,,,,3590571,
HKMDS,202010,T1011,M101101,2019,09,candr,candr_tt,,,,,,,3104049,
HKMDS,202010,T1011,M101101,2019,10,candr,candr_tt,,,,,,,3311571,
HKMDS,202010,T1011,M101101,2019,11,candr,candr_tt,,,,,,,2646127,
HKMDS,202010,T1011,M101101,2019,12,candr,candr_tt,,,,,,,3191466,
HKMDS,202010,T1011,M101101,2020,01,candr,candr_tt,,,,,,,3207802,
HKMDS,202010,T1011,M101101,2020,02,candr,candr_tt,,,,,,,199123,
HKMDS,202010,T1011,M101101,2020,03,candr,candr_tt,,,,,,,82285,
HKMDS,202010,T1011,M101101,2020,04,candr,candr_tt,,,,,,,4125,
HKMDS,202010,T1011,M101101,2020,05,candr,candr_tt,,,,,,,8139,
HKMDS,202010,T1011,M101101,2020,06,candr,candr_tt,,,,,,,14606,
HKMDS,202010,T1011,M101101,2020,07,candr,candr_tt,,,,,,,20568,
HKMDS,202010,T1011,M101101,2020,08,candr,candr_tt,,,,,,,4449,
HKMDS,202010,T1012,M101201,2017,,candrr,candrr_01,vistype,vistype_01,,,,,7768,
HKMDS,202010,T1012,M101201,2018,,candrr,candrr_01,vistype,vistype_01,,,,,8199,
HKMDS,202010,T1012,M101201,2019,,candrr,candrr_01,vistype,vistype_01,,,,,6527,
HKMDS,202010,T1012,M101201,2017,,candrr,candrr_02,vistype,vistype_01,,,,,9167,
HKMDS,202010,T1012,M101201,2018,,candrr,candrr_02,vistype,vistype_01,,,,,10665,
HKMDS,202010,T1012,M101201,2019,,candrr,candrr_02,vistype,vistype_01,,,,,8241,
HKMDS,202010,T1012,M101201,2017,,candrr,candrr_03,vistype,vistype_01,,,,,3334,
HKMDS,202010,T1012,M101201,2018,,candrr,candrr_03,vistype,vistype_01,,,,,3530,
HKMDS,202010,T1012,M101201,2019,,candrr,candrr_03,vistype,vistype_01,,,,,2735,
HKMDS,202010,T1012,M101201,2017,,candrr,candrr_04,vistype,vistype_01,,,,,7853,
HKMDS,202010,T1012,M101201,2018,,candrr,candrr_04,vistype,vistype_01,,,,,8571,
HKMDS,202010,T1012,M101201,2019,,candrr,candrr_04,vistype,vistype_01,,,,,6157,
HKMDS,202010,T1012,M101201,2017,,candrr,candrr_05,vistype,vistype_01,,,,,16281,
HKMDS,202010,T1012,M101201,2018,,candrr,candrr_05,vistype,vistype_01,,,,,17104,
HKMDS,202010,T1012,M101201,2019,,candrr,candrr_05,vistype,vistype_01,,,,,13234,
HKMDS,202010,T1012,M101201,2017,,candrr,candrr_06,vistype,vistype_01,,,,,4077,
HKMDS,202010,T1012,M101201,2018,,candrr,candrr_06,vistype,vistype_01,,,,,4220,
HKMDS,202010,T1012,M101201,2019,,candrr,candrr_06,vistype,vistype_01,,,,,2874,
HKMDS,202010,T1012,M101201,2017,,candrr,candrr_07,vistype,vistype_01,,,,,129866,
HKMDS,202010,T1012,M101201,2018,,candrr,candrr_07,vistype,vistype_01,,,,,139900,
HKMDS,202010,T1012,M101201,2019,,candrr,candrr_07,vistype,vistype_01,,,,,97203,
HKMDS,202010,T1012,M101201,2017,,candrr,candrr_08,vistype,vistype_01,,,,,1321,
HKMDS,202010,T1012,M101201,2018,,candrr,candrr_08,vistype,vistype_01,,,,,1361,
HKMDS,202010,T1012,M101201,2019,,candrr,candrr_08,vistype,vistype_01,,,,,1226,
HKMDS,202010,T1012,M101201,2017,,candrr,candrr_tt,vistype,vistype_01,,,,,179666,
HKMDS,202010,T1012,M101201,2018,,candrr,candrr_tt,vistype,vistype_01,,,,,193551,
HKMDS,202010,T1012,M101201,2019,,candrr,candrr_tt,vistype,vistype_01,,,,,138195,
HKMDS,202010,T1012,M101201,2017,,candrr,candrr_01,vistype,vistype_02,,,,,194,
HKMDS,202010,T1012,M101201,2018,,candrr,candrr_01,vistype,vistype_02,,,,,221,
HKMDS,202010,T1012,M101201,2019,,candrr,candrr_01,vistype,vistype_02,,,,,222,
HKMDS,202010,T1012,M101201,2017,,candrr,candrr_02,vistype,vistype_02,,,,,323,
HKMDS,202010,T1012,M101201,2018,,candrr,candrr_02,vistype,vistype_02,,,,,369,
HKMDS,202010,T1012,M101201,2019,,candrr,candrr_02,vistype,vistype_02,,,,,338,
HKMDS,202010,T1012,M101201,2017,,candrr,candrr_03,vistype,vistype_02,,,,,78,
HKMDS,202010,T1012,M101201,2018,,candrr,candrr_03,vistype,vistype_02,,,,,72,
HKMDS,202010,T1012,M101201,2019,,candrr,candrr_03,vistype,vistype_02,,,,,69,
HKMDS,202010,T1012,M101201,2017,,candrr,candrr_04,vistype,vistype_02,,,,,278,
HKMDS,202010,T1012,M101201,2018,,candrr,candrr_04,vistype,vistype_02,,,,,384,
HKMDS,202010,T1012,M101201,2019,,candrr,candrr_04,vistype,vistype_02,,,,,356,
HKMDS,202010,T1012,M101201,2017,,candrr,candrr_05,vistype,vistype_02,,,,,561,
HKMDS,202010,T1012,M101201,2018,,candrr,candrr_05,vistype,vistype_02,,,,,441,
HKMDS,202010,T1012,M101201,2019,,candrr,candrr_05,vistype,vistype_02,,,,,514,
HKMDS,202010,T1012,M101201,2017,,candrr,candrr_06,vistype,vistype_02,,,,,636,
HKMDS,202010,T1012,M101201,2018,,candrr,candrr_06,vistype,vistype_02,,,,,771,
HKMDS,202010,T1012,M101201,2019,,candrr,candrr_06,vistype,vistype_02,,,,,597,
HKMDS,202010,T1012,M101201,2017,,candrr,candrr_07,vistype,vistype_02,,,,,59489,
HKMDS,202010,T1012,M101201,2018,,candrr,candrr_07,vistype,vistype_02,,,,,74917,
HKMDS,202010,T1012,M101201,2019,,candrr,candrr_07,vistype,vistype_02,,,,,60404,
HKMDS,202010,T1012,M101201,2017,,candrr,candrr_08,vistype,vistype_02,,,,,1209,
HKMDS,202010,T1012,M101201,2018,,candrr,candrr_08,vistype,vistype_02,,,,,1586,
HKMDS,202010,T1012,M101201,2019,,candrr,candrr_08,vistype,vistype_02,,,,,1715,
HKMDS,202010,T1012,M101201,2017,,candrr,candrr_tt,vistype,vistype_02,,,,,62768,
HKMDS,202010,T1012,M101201,2018,,candrr,candrr_tt,vistype,vistype_02,,,,,78761,
HKMDS,202010,T1012,M101201,2019,,candrr,candrr_tt,vistype,vistype_02,,,,,64215,
HKMDS,202010,T1013,M101301,2017,,candrr,candrr_01,vistype,vistype_01,,,,,6184,
HKMDS,202010,T1013,M101301,2018,,candrr,candrr_01,vistype,vistype_01,,,,,6215,
HKMDS,202010,T1013,M101301,2019,,candrr,candrr_01,vistype,vistype_01,,,,,6008,
HKMDS,202010,T1013,M101301,2017,,candrr,candrr_02,vistype,vistype_01,,,,,5862,
HKMDS,202010,T1013,M101301,2018,,candrr,candrr_02,vistype,vistype_01,,,,,6739,
HKMDS,202010,T1013,M101301,2019,,candrr,candrr_02,vistype,vistype_01,,,,,5981,
HKMDS,202010,T1013,M101301,2017,,candrr,candrr_03,vistype,vistype_01,,,,,6500,
HKMDS,202010,T1013,M101301,2018,,candrr,candrr_03,vistype,vistype_01,,,,,6726,
HKMDS,202010,T1013,M101301,2019,,candrr,candrr_03,vistype,vistype_01,,,,,6200,
HKMDS,202010,T1013,M101301,2017,,candrr,candrr_04,vistype,vistype_01,,,,,3978,
HKMDS,202010,T1013,M101301,2018,,candrr,candrr_04,vistype,vistype_01,,,,,4354,
HKMDS,202010,T1013,M101301,2019,,candrr,candrr_04,vistype,vistype_01,,,,,4272,
HKMDS,202010,T1013,M101301,2017,,candrr,candrr_05,vistype,vistype_01,,,,,5687,
HKMDS,202010,T1013,M101301,2018,,candrr,candrr_05,vistype,vistype_01,,,,,6026,
HKMDS,202010,T1013,M101301,2019,,candrr,candrr_05,vistype,vistype_01,,,,,5732,
HKMDS,202010,T1013,M101301,2017,,candrr,candrr_06,vistype,vistype_01,,,,,4758,
HKMDS,202010,T1013,M101301,2018,,candrr,candrr_06,vistype,vistype_01,,,,,5233,
HKMDS,202010,T1013,M101301,2019,,candrr,candrr_06,vistype,vistype_01,,,,,4813,
HKMDS,202010,T1013,M101301,2017,,candrr,candrr_07,vistype,vistype_01,,,,,7010,
HKMDS,202010,T1013,M101301,2018,,candrr,candrr_07,vistype,vistype_01,,,,,7029,
HKMDS,202010,T1013,M101301,2019,,candrr,candrr_07,vistype,vistype_01,,,,,5990,
HKMDS,202010,T1013,M101301,2017,,candrr,candrr_08,vistype,vistype_01,,,,,3979,
HKMDS,202010,T1013,M101301,2018,,candrr,candrr_08,vistype,vistype_01,,,,,4240,
HKMDS,202010,T1013,M101301,2019,,candrr,candrr_08,vistype,vistype_01,,,,,4481,
HKMDS,202010,T1013,M101301,2017,,candrr,candrr_oa,vistype,vistype_01,,,,,6443,
HKMDS,202010,T1013,M101301,2018,,candrr,candrr_oa,vistype,vistype_01,,,,,6614,
HKMDS,202010,T1013,M101301,2019,,candrr,candrr_oa,vistype,vistype_01,,,,,5818,
HKMDS,202010,T1013,M101301,2017,,candrr,candrr_01,vistype,vistype_02,,,,,378,
HKMDS,202010,T1013,M101301,2018,,candrr,candrr_01,vistype,vistype_02,,,,,416,
HKMDS,202010,T1013,M101301,2019,,candrr,candrr_01,vistype,vistype_02,,,,,444,
HKMDS,202010,T1013,M101301,2017,,candrr,candrr_02,vistype,vistype_02,,,,,520,
HKMDS,202010,T1013,M101301,2018,,candrr,candrr_02,vistype,vistype_02,,,,,586,
HKMDS,202010,T1013,M101301,2019,,candrr,candrr_02,vistype,vistype_02,,,,,581,
HKMDS,202010,T1013,M101301,2017,,candrr,candrr_03,vistype,vistype_02,,,,,487,
HKMDS,202010,T1013,M101301,2018,,candrr,candrr_03,vistype,vistype_02,,,,,430,
HKMDS,202010,T1013,M101301,2019,,candrr,candrr_03,vistype,vistype_02,,,,,423,
HKMDS,202010,T1013,M101301,2017,,candrr,candrr_04,vistype,vistype_02,,,,,374,
HKMDS,202010,T1013,M101301,2018,,candrr,candrr_04,vistype,vistype_02,,,,,519,
HKMDS,202010,T1013,M101301,2019,,candrr,candrr_04,vistype,vistype_02,,,,,526,
HKMDS,202010,T1013,M101301,2017,,candrr,candrr_05,vistype,vistype_02,,,,,752,
HKMDS,202010,T1013,M101301,2018,,candrr,candrr_05,vistype,vistype_02,,,,,603,
HKMDS,202010,T1013,M101301,2019,,candrr,candrr_05,vistype,vistype_02,,,,,704,
HKMDS,202010,T1013,M101301,2017,,candrr,candrr_06,vistype,vistype_02,,,,,553,
HKMDS,202010,T1013,M101301,2018,,candrr,candrr_06,vistype,vistype_02,,,,,693,
HKMDS,202010,T1013,M101301,2019,,candrr,candrr_06,vistype,vistype_02,,,,,634,
HKMDS,202010,T1013,M101301,2017,,candrr,candrr_07,vistype,vistype_02,,,,,2298,
HKMDS,202010,T1013,M101301,2018,,candrr,candrr_07,vistype,vistype_02,,,,,2410,
HKMDS,202010,T1013,M101301,2019,,candrr,candrr_07,vistype,vistype_02,,,,,2198,
HKMDS,202010,T1013,M101301,2017,,candrr,candrr_08,vistype,vistype_02,,,,,1807,
HKMDS,202010,T1013,M101301,2018,,candrr,candrr_08,vistype,vistype_02,,,,,2050,
HKMDS,202010,T1013,M101301,2019,,candrr,candrr_08,vistype,vistype_02,,,,,1777,
HKMDS,202010,T1013,M101301,2017,,candrr,candrr_oa,vistype,vistype_02,,,,,2059,
HKMDS,202010,T1013,M101301,2018,,candrr,candrr_oa,vistype,vistype_02,,,,,2202,
HKMDS,202010,T1013,M101301,2019,,candrr,candrr_oa,vistype,vistype_02,,,,,2004,
HKMDS,202010,T1013,M101302,2017,,candrr,candrr_01,vistype,vistype_01,,,,,3.8,
HKMDS,202010,T1013,M101302,2018,,candrr,candrr_01,vistype,vistype_01,,,,,3.8,
HKMDS,202010,T1013,M101302,2019,,candrr,candrr_01,vistype,vistype_01,,,,,3.9,
HKMDS,202010,T1013,M101302,2017,,candrr,candrr_02,vistype,vistype_01,,,,,4,
HKMDS,202010,T1013,M101302,2018,,candrr,candrr_02,vistype,vistype_01,,,,,3.9,
HKMDS,202010,T1013,M101302,2019,,candrr,candrr_02,vistype,vistype_01,,,,,4,
HKMDS,202010,T1013,M101302,2017,,candrr,candrr_03,vistype,vistype_01,,,,,3.8,
HKMDS,202010,T1013,M101302,2018,,candrr,candrr_03,vistype,vistype_01,,,,,3.8,
HKMDS,202010,T1013,M101302,2019,,candrr,candrr_03,vistype,vistype_01,,,,,3.8,
HKMDS,202010,T1013,M101302,2017,,candrr,candrr_04,vistype,vistype_01,,,,,2.2,
HKMDS,202010,T1013,M101302,2018,,candrr,candrr_04,vistype,vistype_01,,,,,2.2,
HKMDS,202010,T1013,M101302,2019,,candrr,candrr_04,vistype,vistype_01,,,,,2.3,
HKMDS,202010,T1013,M101302,2017,,candrr,candrr_05,vistype,vistype_01,,,,,3.5,
HKMDS,202010,T1013,M101302,2018,,candrr,candrr_05,vistype,vistype_01,,,,,3.4,
HKMDS,202010,T1013,M101302,2019,,candrr,candrr_05,vistype,vistype_01,,,,,3.5,
HKMDS,202010,T1013,M101302,2017,,candrr,candrr_06,vistype,vistype_01,,,,,2.7,
HKMDS,202010,T1013,M101302,2018,,candrr,candrr_06,vistype,vistype_01,,,,,2.7,
HKMDS,202010,T1013,M101302,2019,,candrr,candrr_06,vistype,vistype_01,,,,,2.9,
HKMDS,202010,T1013,M101302,2017,,candrr,candrr_07,vistype,vistype_01,,,,,3.1,
HKMDS,202010,T1013,M101302,2018,,candrr,candrr_07,vistype,vistype_01,,,,,3,
HKMDS,202010,T1013,M101302,2019,,candrr,candrr_07,vistype,vistype_01,,,,,3.3,
HKMDS,202010,T1013,M101302,2017,,candrr,candrr_08,vistype,vistype_01,,,,,2.2,
HKMDS,202010,T1013,M101302,2018,,candrr,candrr_08,vistype,vistype_01,,,,,2.2,
HKMDS,202010,T1013,M101302,2019,,candrr,candrr_08,vistype,vistype_01,,,,,2.3,
HKMDS,202010,T1013,M101302,2017,,candrr,candrr_oa,vistype,vistype_01,,,,,3.2,
HKMDS,202010,T1013,M101302,2018,,candrr,candrr_oa,vistype,vistype_01,,,,,3.1,
HKMDS,202010,T1013,M101302,2019,,candrr,candrr_oa,vistype,vistype_01,,,,,3.3,
HKMDS,202010,T1014,M101401,2017,,category,category_0101,,,,,,,36,
HKMDS,202010,T1014,M101401,2018,,category,category_0101,,,,,,,36,
HKMDS,202010,T1014,M101401,2019,,category,category_0101,,,,,,,38,
HKMDS,202010,T1014,M101401,2019,06,category,category_0101,,,,,,,37,
HKMDS,202010,T1014,M101401,2019,07,category,category_0101,,,,,,,37,
HKMDS,202010,T1014,M101401,2019,08,category,category_0101,,,,,,,38,
HKMDS,202010,T1014,M101401,2019,09,category,category_0101,,,,,,,38,
HKMDS,202010,T1014,M101401,2019,10,category,category_0101,,,,,,,38,
HKMDS,202010,T1014,M101401,2019,11,category,category_0101,,,,,,,38,
HKMDS,202010,T1014,M101401,2019,12,category,category_0101,,,,,,,38,
HKMDS,202010,T1014,M101401,2020,01,category,category_0101,,,,,,,38,
HKMDS,202010,T1014,M101401,2020,02,category,category_0101,,,,,,,38,
HKMDS,202010,T1014,M101401,2020,03,category,category_0101,,,,,,,39,
HKMDS,202010,T1014,M101401,2020,04,category,category_0101,,,,,,,39,
HKMDS,202010,T1014,M101401,2020,05,category,category_0101,,,,,,,39,
HKMDS,202010,T1014,M101401,2020,06,category,category_0101,,,,,,,39,
HKMDS,202010,T1014,M101401,2020,07,category,category_0101,,,,,,,39,
HKMDS,202010,T1014,M101401,2020,08,category,category_0101,,,,,,,39,
HKMDS,202010,T1014,M101402,2017,,category,category_0101,,,,,,,18633,
HKMDS,202010,T1014,M101402,2018,,category,category_0101,,,,,,,18839,
HKMDS,202010,T1014,M101402,2019,,category,category_0101,,,,,,,19644,
HKMDS,202010,T1014,M101402,2019,06,category,category_0101,,,,,,,18964,
HKMDS,202010,T1014,M101402,2019,07,category,category_0101,,,,,,,19324,
HKMDS,202010,T1014,M101402,2019,08,category,category_0101,,,,,,,19611,
HKMDS,202010,T1014,M101402,2019,09,category,category_0101,,,,,,,19611,
HKMDS,202010,T1014,M101402,2019,10,category,category_0101,,,,,,,19611,
HKMDS,202010,T1014,M101402,2019,11,category,category_0101,,,,,,,19647,
HKMDS,202010,T1014,M101402,2019,12,category,category_0101,,,,,,,19644,
HKMDS,202010,T1014,M101402,2020,01,category,category_0101,,,,,,,19644,
HKMDS,202010,T1014,M101402,2020,02,category,category_0101,,,,,,,19644,
HKMDS,202010,T1014,M101402,2020,03,category,category_0101,,,,,,,19773,
HKMDS,202010,T1014,M101402,2020,04,category,category_0101,,,,,,,19773,
HKMDS,202010,T1014,M101402,2020,05,category,category_0101,,,,,,,19773,
HKMDS,202010,T1014,M101402,2020,06,category,category_0101,,,,,,,19773,
HKMDS,202010,T1014,M101402,2020,07,category,category_0101,,,,,,,19773,
HKMDS,202010,T1014,M101402,2020,08,category,category_0101,,,,,,,19773,
HKMDS,202010,T1014,M101403,2017,,category,category_0101,,,,,,,86,
HKMDS,202010,T1014,M101403,2018,,category,category_0101,,,,,,,89,
HKMDS,202010,T1014,M101403,2019,,category,category_0101,,,,,,,74,
HKMDS,202010,T1014,M101403,2019,06,category,category_0101,,,,,,,84,
HKMDS,202010,T1014,M101403,2019,07,category,category_0101,,,,,,,81,
HKMDS,202010,T1014,M101403,2019,08,category,category_0101,,,,,,,58,
HKMDS,202010,T1014,M101403,2019,09,category,category_0101,,,,,,,57,
HKMDS,202010,T1014,M101403,2019,10,category,category_0101,,,,,,,62,
HKMDS,202010,T1014,M101403,2019,11,category,category_0101,,,,,,,55,
HKMDS,202010,T1014,M101403,2019,12,category,category_0101,,,,,,,52,
HKMDS,202010,T1014,M101403,2020,01,category,category_0101,,,,,,,51,
HKMDS,202010,T1014,M101403,2020,02,category,category_0101,,,,,,,14,
HKMDS,202010,T1014,M101403,2020,03,category,category_0101,,,,,,,12,
HKMDS,202010,T1014,M101403,2020,04,category,category_0101,,,,,,,12,
HKMDS,202010,T1014,M101403,2020,05,category,category_0101,,,,,,,14,
HKMDS,202010,T1014,M101403,2020,06,category,category_0101,,,,,,,19,
HKMDS,202010,T1014,M101403,2020,07,category,category_0101,,,,,,,20,
HKMDS,202010,T1014,M101403,2020,08,category,category_0101,,,,,,,21,(#)
HKMDS,202010,T1014,M101401,2017,,category,category_0102,,,,,,,101,
HKMDS,202010,T1014,M101401,2018,,category,category_0102,,,,,,,102,
HKMDS,202010,T1014,M101401,2019,,category,category_0102,,,,,,,105,
HKMDS,202010,T1014,M101401,2019,06,category,category_0102,,,,,,,104,
HKMDS,202010,T1014,M101401,2019,07,category,category_0102,,,,,,,104,
HKMDS,202010,T1014,M101401,2019,08,category,category_0102,,,,,,,104,
HKMDS,202010,T1014,M101401,2019,09,category,category_0102,,,,,,,104,
HKMDS,202010,T1014,M101401,2019,10,category,category_0102,,,,,,,105,
HKMDS,202010,T1014,M101401,2019,11,category,category_0102,,,,,,,105,
HKMDS,202010,T1014,M101401,2019,12,category,category_0102,,,,,,,105,
HKMDS,202010,T1014,M101401,2020,01,category,category_0102,,,,,,,105,
HKMDS,202010,T1014,M101401,2020,02,category,category_0102,,,,,,,105,
HKMDS,202010,T1014,M101401,2020,03,category,category_0102,,,,,,,105,
HKMDS,202010,T1014,M101401,2020,04,category,category_0102,,,,,,,105,
HKMDS,202010,T1014,M101401,2020,05,category,category_0102,,,,,,,107,
HKMDS,202010,T1014,M101401,2020,06,category,category_0102,,,,,,,107,
HKMDS,202010,T1014,M101401,2020,07,category,category_0102,,,,,,,107,
HKMDS,202010,T1014,M101401,2020,08,category,category_0102,,,,,,,107,
HKMDS,202010,T1014,M101402,2017,,category,category_0102,,,,,,,30272,
HKMDS,202010,T1014,M101402,2018,,category,category_0102,,,,,,,30867,
HKMDS,202010,T1014,M101402,2019,,category,category_0102,,,,,,,32075,
HKMDS,202010,T1014,M101402,2019,06,category,category_0102,,,,,,,31450,
HKMDS,202010,T1014,M101402,2019,07,category,category_0102,,,,,,,31456,
HKMDS,202010,T1014,M101402,2019,08,category,category_0102,,,,,,,31456,
HKMDS,202010,T1014,M101402,2019,09,category,category_0102,,,,,,,31456,
HKMDS,202010,T1014,M101402,2019,10,category,category_0102,,,,,,,32074,
HKMDS,202010,T1014,M101402,2019,11,category,category_0102,,,,,,,32074,
HKMDS,202010,T1014,M101402,2019,12,category,category_0102,,,,,,,32075,
HKMDS,202010,T1014,M101402,2020,01,category,category_0102,,,,,,,32075,
HKMDS,202010,T1014,M101402,2020,02,category,category_0102,,,,,,,32075,
HKMDS,202010,T1014,M101402,2020,03,category,category_0102,,,,,,,32075,
HKMDS,202010,T1014,M101402,2020,04,category,category_0102,,,,,,,32836,
HKMDS,202010,T1014,M101402,2020,05,category,category_0102,,,,,,,32866,
HKMDS,202010,T1014,M101402,2020,06,category,category_0102,,,,,,,32866,
HKMDS,202010,T1014,M101402,2020,07,category,category_0102,,,,,,,32866,
HKMDS,202010,T1014,M101402,2020,08,category,category_0102,,,,,,,32897,
HKMDS,202010,T1014,M101403,2017,,category,category_0102,,,,,,,90,
HKMDS,202010,T1014,M101403,2018,,category,category_0102,,,,,,,91,
HKMDS,202010,T1014,M101403,2019,,category,category_0102,,,,,,,79,
HKMDS,202010,T1014,M101403,2019,06,category,category_0102,,,,,,,87,
HKMDS,202010,T1014,M101403,2019,07,category,category_0102,,,,,,,86,
HKMDS,202010,T1014,M101403,2019,08,category,category_0102,,,,,,,66,
HKMDS,202010,T1014,M101403,2019,09,category,category_0102,,,,,,,62,
HKMDS,202010,T1014,M101403,2019,10,category,category_0102,,,,,,,68,
HKMDS,202010,T1014,M101403,2019,11,category,category_0102,,,,,,,65,
HKMDS,202010,T1014,M101403,2019,12,category,category_0102,,,,,,,60,
HKMDS,202010,T1014,M101403,2020,01,category,category_0102,,,,,,,59,
HKMDS,202010,T1014,M101403,2020,02,category,category_0102,,,,,,,26,
HKMDS,202010,T1014,M101403,2020,03,category,category_0102,,,,,,,30,
HKMDS,202010,T1014,M101403,2020,04,category,category_0102,,,,,,,32,
HKMDS,202010,T1014,M101403,2020,05,category,category_0102,,,,,,,35,
HKMDS,202010,T1014,M101403,2020,06,category,category_0102,,,,,,,42,
HKMDS,202010,T1014,M101403,2020,07,category,category_0102,,,,,,,48,
HKMDS,202010,T1014,M101403,2020,08,category,category_0102,,,,,,,51,(#)
HKMDS,202010,T1014,M101401,2017,,category,category_0103,,,,,,,115,
HKMDS,202010,T1014,M101401,2018,,category,category_0103,,,,,,,120,
HKMDS,202010,T1014,M101401,2019,,category,category_0103,,,,,,,128,
HKMDS,202010,T1014,M101401,2019,06,category,category_0103,,,,,,,123,
HKMDS,202010,T1014,M101401,2019,07,category,category_0103,,,,,,,125,
HKMDS,202010,T1014,M101401,2019,08,category,category_0103,,,,,,,126,
HKMDS,202010,T1014,M101401,2019,09,category,category_0103,,,,,,,126,
HKMDS,202010,T1014,M101401,2019,10,category,category_0103,,,,,,,128,
HKMDS,202010,T1014,M101401,2019,11,category,category_0103,,,,,,,128,
HKMDS,202010,T1014,M101401,2019,12,category,category_0103,,,,,,,128,
HKMDS,202010,T1014,M101401,2020,01,category,category_0103,,,,,,,127,
HKMDS,202010,T1014,M101401,2020,02,category,category_0103,,,,,,,127,
HKMDS,202010,T1014,M101401,2020,03,category,category_0103,,,,,,,127,
HKMDS,202010,T1014,M101401,2020,04,category,category_0103,,,,,,,127,
HKMDS,202010,T1014,M101401,2020,05,category,category_0103,,,,,,,127,
HKMDS,202010,T1014,M101401,2020,06,category,category_0103,,,,,,,128,
HKMDS,202010,T1014,M101401,2020,07,category,category_0103,,,,,,,128,
HKMDS,202010,T1014,M101401,2020,08,category,category_0103,,,,,,,128,
HKMDS,202010,T1014,M101402,2017,,category,category_0103,,,,,,,24466,
HKMDS,202010,T1014,M101402,2018,,category,category_0103,,,,,,,25658,
HKMDS,202010,T1014,M101402,2019,,category,category_0103,,,,,,,26559,
HKMDS,202010,T1014,M101402,2019,06,category,category_0103,,,,,,,26107,
HKMDS,202010,T1014,M101402,2019,07,category,category_0103,,,,,,,26226,
HKMDS,202010,T1014,M101402,2019,08,category,category_0103,,,,,,,26335,
HKMDS,202010,T1014,M101402,2019,09,category,category_0103,,,,,,,26376,
HKMDS,202010,T1014,M101402,2019,10,category,category_0103,,,,,,,26559,
HKMDS,202010,T1014,M101402,2019,11,category,category_0103,,,,,,,26559,
HKMDS,202010,T1014,M101402,2019,12,category,category_0103,,,,,,,26559,
HKMDS,202010,T1014,M101402,2020,01,category,category_0103,,,,,,,26469,
HKMDS,202010,T1014,M101402,2020,02,category,category_0103,,,,,,,26469,
HKMDS,202010,T1014,M101402,2020,03,category,category_0103,,,,,,,26469,
HKMDS,202010,T1014,M101402,2020,04,category,category_0103,,,,,,,26462,
HKMDS,202010,T1014,M101402,2020,05,category,category_0103,,,,,,,26462,
HKMDS,202010,T1014,M101402,2020,06,category,category_0103,,,,,,,26516,
HKMDS,202010,T1014,M101402,2020,07,category,category_0103,,,,,,,26516,
HKMDS,202010,T1014,M101402,2020,08,category,category_0103,,,,,,,26516,
HKMDS,202010,T1014,M101403,2017,,category,category_0103,,,,,,,91,
HKMDS,202010,T1014,M101403,2018,,category,category_0103,,,,,,,93,
HKMDS,202010,T1014,M101403,2019,,category,category_0103,,,,,,,82,
HKMDS,202010,T1014,M101403,2019,06,category,category_0103,,,,,,,89,
HKMDS,202010,T1014,M101403,2019,07,category,category_0103,,,,,,,89,
HKMDS,202010,T1014,M101403,2019,08,category,category_0103,,,,,,,72,
HKMDS,202010,T1014,M101403,2019,09,category,category_0103,,,,,,,68,
HKMDS,202010,T1014,M101403,2019,10,category,category_0103,,,,,,,73,
HKMDS,202010,T1014,M101403,2019,11,category,category_0103,,,,,,,73,
HKMDS,202010,T1014,M101403,2019,12,category,category_0103,,,,,,,68,
HKMDS,202010,T1014,M101403,2020,01,category,category_0103,,,,,,,62,
HKMDS,202010,T1014,M101403,2020,02,category,category_0103,,,,,,,41,
HKMDS,202010,T1014,M101403,2020,03,category,category_0103,,,,,,,47,
HKMDS,202010,T1014,M101403,2020,04,category,category_0103,,,,,,,50,
HKMDS,202010,T1014,M101403,2020,05,category,category_0103,,,,,,,54,
HKMDS,202010,T1014,M101403,2020,06,category,category_0103,,,,,,,62,
HKMDS,202010,T1014,M101403,2020,07,category,category_0103,,,,,,,69,
HKMDS,202010,T1014,M101403,2020,08,category,category_0103,,,,,,,69,(#)
HKMDS,202010,T1014,M101401,2017,,category,category_0104,,,,,,,25,
HKMDS,202010,T1014,M101401,2018,,category,category_0104,,,,,,,33,
HKMDS,202010,T1014,M101401,2019,,category,category_0104,,,,,,,32,
HKMDS,202010,T1014,M101401,2019,06,category,category_0104,,,,,,,31,
HKMDS,202010,T1014,M101401,2019,07,category,category_0104,,,,,,,31,
HKMDS,202010,T1014,M101401,2019,08,category,category_0104,,,,,,,31,
HKMDS,202010,T1014,M101401,2019,09,category,category_0104,,,,,,,31,
HKMDS,202010,T1014,M101401,2019,10,category,category_0104,,,,,,,30,
HKMDS,202010,T1014,M101401,2019,11,category,category_0104,,,,,,,32,
HKMDS,202010,T1014,M101401,2019,12,category,category_0104,,,,,,,32,
HKMDS,202010,T1014,M101401,2020,01,category,category_0104,,,,,,,32,
HKMDS,202010,T1014,M101401,2020,02,category,category_0104,,,,,,,32,
HKMDS,202010,T1014,M101401,2020,03,category,category_0104,,,,,,,31,
HKMDS,202010,T1014,M101401,2020,04,category,category_0104,,,,,,,32,
HKMDS,202010,T1014,M101401,2020,05,category,category_0104,,,,,,,33,
HKMDS,202010,T1014,M101401,2020,06,category,category_0104,,,,,,,32,
HKMDS,202010,T1014,M101401,2020,07,category,category_0104,,,,,,,32,
HKMDS,202010,T1014,M101401,2020,08,category,category_0104,,,,,,,34,
HKMDS,202010,T1014,M101402,2017,,category,category_0104,,,,,,,5564,
HKMDS,202010,T1014,M101402,2018,,category,category_0104,,,,,,,6101,
HKMDS,202010,T1014,M101402,2019,,category,category_0104,,,,,,,5811,
HKMDS,202010,T1014,M101402,2019,06,category,category_0104,,,,,,,5686,
HKMDS,202010,T1014,M101402,2019,07,category,category_0104,,,,,,,5871,
HKMDS,202010,T1014,M101402,2019,08,category,category_0104,,,,,,,5683,
HKMDS,202010,T1014,M101402,2019,09,category,category_0104,,,,,,,5683,
HKMDS,202010,T1014,M101402,2019,10,category,category_0104,,,,,,,5575,
HKMDS,202010,T1014,M101402,2019,11,category,category_0104,,,,,,,5811,
HKMDS,202010,T1014,M101402,2019,12,category,category_0104,,,,,,,5811,
HKMDS,202010,T1014,M101402,2020,01,category,category_0104,,,,,,,5811,
HKMDS,202010,T1014,M101402,2020,02,category,category_0104,,,,,,,5811,
HKMDS,202010,T1014,M101402,2020,03,category,category_0104,,,,,,,5688,
HKMDS,202010,T1014,M101402,2020,04,category,category_0104,,,,,,,5736,
HKMDS,202010,T1014,M101402,2020,05,category,category_0104,,,,,,,5834,
HKMDS,202010,T1014,M101402,2020,06,category,category_0104,,,,,,,5780,
HKMDS,202010,T1014,M101402,2020,07,category,category_0104,,,,,,,5780,
HKMDS,202010,T1014,M101402,2020,08,category,category_0104,,,,,,,6034,
HKMDS,202010,T1014,M101401,2017,,category,category_01tt,,,,,,,277,
HKMDS,202010,T1014,M101401,2018,,category,category_01tt,,,,,,,291,
HKMDS,202010,T1014,M101401,2019,,category,category_01tt,,,,,,,303,
HKMDS,202010,T1014,M101401,2019,06,category,category_01tt,,,,,,,295,
HKMDS,202010,T1014,M101401,2019,07,category,category_01tt,,,,,,,297,
HKMDS,202010,T1014,M101401,2019,08,category,category_01tt,,,,,,,299,
HKMDS,202010,T1014,M101401,2019,09,category,category_01tt,,,,,,,299,
HKMDS,202010,T1014,M101401,2019,10,category,category_01tt,,,,,,,301,
HKMDS,202010,T1014,M101401,2019,11,category,category_01tt,,,,,,,303,
HKMDS,202010,T1014,M101401,2019,12,category,category_01tt,,,,,,,303,
HKMDS,202010,T1014,M101401,2020,01,category,category_01tt,,,,,,,302,
HKMDS,202010,T1014,M101401,2020,02,category,category_01tt,,,,,,,302,
HKMDS,202010,T1014,M101401,2020,03,category,category_01tt,,,,,,,302,
HKMDS,202010,T1014,M101401,2020,04,category,category_01tt,,,,,,,303,
HKMDS,202010,T1014,M101401,2020,05,category,category_01tt,,,,,,,306,
HKMDS,202010,T1014,M101401,2020,06,category,category_01tt,,,,,,,306,
HKMDS,202010,T1014,M101401,2020,07,category,category_01tt,,,,,,,306,
HKMDS,202010,T1014,M101401,2020,08,category,category_01tt,,,,,,,308,
HKMDS,202010,T1014,M101402,2017,,category,category_01tt,,,,,,,78935,
HKMDS,202010,T1014,M101402,2018,,category,category_01tt,,,,,,,81465,
HKMDS,202010,T1014,M101402,2019,,category,category_01tt,,,,,,,84089,
HKMDS,202010,T1014,M101402,2019,06,category,category_01tt,,,,,,,82207,
HKMDS,202010,T1014,M101402,2019,07,category,category_01tt,,,,,,,82877,
HKMDS,202010,T1014,M101402,2019,08,category,category_01tt,,,,,,,83085,
HKMDS,202010,T1014,M101402,2019,09,category,category_01tt,,,,,,,83126,
HKMDS,202010,T1014,M101402,2019,10,category,category_01tt,,,,,,,83819,
HKMDS,202010,T1014,M101402,2019,11,category,category_01tt,,,,,,,84091,
HKMDS,202010,T1014,M101402,2019,12,category,category_01tt,,,,,,,84089,
HKMDS,202010,T1014,M101402,2020,01,category,category_01tt,,,,,,,83999,
HKMDS,202010,T1014,M101402,2020,02,category,category_01tt,,,,,,,83999,
HKMDS,202010,T1014,M101402,2020,03,category,category_01tt,,,,,,,84005,
HKMDS,202010,T1014,M101402,2020,04,category,category_01tt,,,,,,,84807,
HKMDS,202010,T1014,M101402,2020,05,category,category_01tt,,,,,,,84935,
HKMDS,202010,T1014,M101402,2020,06,category,category_01tt,,,,,,,84935,
HKMDS,202010,T1014,M101402,2020,07,category,category_01tt,,,,,,,84935,
HKMDS,202010,T1014,M101402,2020,08,category,category_01tt,,,,,,,85220,
HKMDS,202010,T1014,M101403,2017,,category,category_01tt,,,,,,,89,
HKMDS,202010,T1014,M101403,2018,,category,category_01tt,,,,,,,91,
HKMDS,202010,T1014,M101403,2019,,category,category_01tt,,,,,,,79,
HKMDS,202010,T1014,M101403,2019,06,category,category_01tt,,,,,,,87,
HKMDS,202010,T1014,M101403,2019,07,category,category_01tt,,,,,,,86,
HKMDS,202010,T1014,M101403,2019,08,category,category_01tt,,,,,,,66,
HKMDS,202010,T1014,M101403,2019,09,category,category_01tt,,,,,,,63,
HKMDS,202010,T1014,M101403,2019,10,category,category_01tt,,,,,,,68,
HKMDS,202010,T1014,M101403,2019,11,category,category_01tt,,,,,,,66,
HKMDS,202010,T1014,M101403,2019,12,category,category_01tt,,,,,,,61,
HKMDS,202010,T1014,M101403,2020,01,category,category_01tt,,,,,,,59,
HKMDS,202010,T1014,M101403,2020,02,category,category_01tt,,,,,,,29,
HKMDS,202010,T1014,M101403,2020,03,category,category_01tt,,,,,,,32,
HKMDS,202010,T1014,M101403,2020,04,category,category_01tt,,,,,,,34,
HKMDS,202010,T1014,M101403,2020,05,category,category_01tt,,,,,,,37,
HKMDS,202010,T1014,M101403,2020,06,category,category_01tt,,,,,,,44,
HKMDS,202010,T1014,M101403,2020,07,category,category_01tt,,,,,,,49,
HKMDS,202010,T1014,M101403,2020,08,category,category_01tt,,,,,,,50,(#)
HKMDS,202010,T1014,M101401,2017,,category,category_02,,,,,,,1469,
HKMDS,202010,T1014,M101401,2018,,category,category_02,,,,,,,1507,
HKMDS,202010,T1014,M101401,2019,,category,category_02,,,,,,,1520,
HKMDS,202010,T1014,M101401,2019,06,category,category_02,,,,,,,1514,
HKMDS,202010,T1014,M101401,2019,07,category,category_02,,,,,,,1517,
HKMDS,202010,T1014,M101401,2019,08,category,category_02,,,,,,,1519,
HKMDS,202010,T1014,M101401,2019,09,category,category_02,,,,,,,1527,
HKMDS,202010,T1014,M101401,2019,10,category,category_02,,,,,,,1527,
HKMDS,202010,T1014,M101401,2019,11,category,category_02,,,,,,,1526,
HKMDS,202010,T1014,M101401,2019,12,category,category_02,,,,,,,1520,
HKMDS,202010,T1014,M101401,2020,01,category,category_02,,,,,,,1516,
HKMDS,202010,T1014,M101401,2020,02,category,category_02,,,,,,,1512,
HKMDS,202010,T1014,M101401,2020,03,category,category_02,,,,,,,1523,
HKMDS,202010,T1014,M101401,2020,04,category,category_02,,,,,,,1515,
HKMDS,202010,T1014,M101401,2020,05,category,category_02,,,,,,,1512,
HKMDS,202010,T1014,M101401,2020,06,category,category_02,,,,,,,1500,
HKMDS,202010,T1014,M101401,2020,07,category,category_02,,,,,,,1496,
HKMDS,202010,T1014,M101401,2020,08,category,category_02,,,,,,,1494,
HKMDS,202010,T1014,M101402,2017,,category,category_02,,,,,,,12271,
HKMDS,202010,T1014,M101402,2018,,category,category_02,,,,,,,12526,
HKMDS,202010,T1014,M101402,2019,,category,category_02,,,,,,,12702,
HKMDS,202010,T1014,M101402,2019,06,category,category_02,,,,,,,12693,
HKMDS,202010,T1014,M101402,2019,07,category,category_02,,,,,,,12693,
HKMDS,202010,T1014,M101402,2019,08,category,category_02,,,,,,,12705,
HKMDS,202010,T1014,M101402,2019,09,category,category_02,,,,,,,12731,
HKMDS,202010,T1014,M101402,2019,10,category,category_02,,,,,,,12728,
HKMDS,202010,T1014,M101402,2019,11,category,category_02,,,,,,,12725,
HKMDS,202010,T1014,M101402,2019,12,category,category_02,,,,,,,12702,
HKMDS,202010,T1014,M101402,2020,01,category,category_02,,,,,,,12564,
HKMDS,202010,T1014,M101402,2020,02,category,category_02,,,,,,,12602,
HKMDS,202010,T1014,M101402,2020,03,category,category_02,,,,,,,12686,
HKMDS,202010,T1014,M101402,2020,04,category,category_02,,,,,,,12641,
HKMDS,202010,T1014,M101402,2020,05,category,category_02,,,,,,,12624,
HKMDS,202010,T1014,M101402,2020,06,category,category_02,,,,,,,12554,
HKMDS,202010,T1014,M101402,2020,07,category,category_02,,,,,,,12547,
HKMDS,202010,T1014,M101402,2020,08,category,category_02,,,,,,,12658,
HKMDS,202010,T1014,M101403,2017,,category,category_02,,,,,,,80,
HKMDS,202010,T1014,M101403,2018,,category,category_02,,,,,,,85,
HKMDS,202010,T1014,M101403,2019,,category,category_02,,,,,,,69,
HKMDS,202010,T1014,M101403,2019,06,category,category_02,,,,,,,77,
HKMDS,202010,T1014,M101403,2019,07,category,category_02,,,,,,,70,
HKMDS,202010,T1014,M101403,2019,08,category,category_02,,,,,,,54,
HKMDS,202010,T1014,M101403,2019,09,category,category_02,,,,,,,52,
HKMDS,202010,T1014,M101403,2019,10,category,category_02,,,,,,,54,
HKMDS,202010,T1014,M101403,2019,11,category,category_02,,,,,,,58,
HKMDS,202010,T1014,M101403,2019,12,category,category_02,,,,,,,51,
HKMDS,202010,T1014,M101403,2020,01,category,category_02,,,,,,,48,
HKMDS,202010,T1014,M101403,2020,02,category,category_02,,,,,,,29,
HKMDS,202010,T1014,M101403,2020,03,category,category_02,,,,,,,37,
HKMDS,202010,T1014,M101403,2020,04,category,category_02,,,,,,,38,
HKMDS,202010,T1014,M101403,2020,05,category,category_02,,,,,,,42,
HKMDS,202010,T1014,M101403,2020,06,category,category_02,,,,,,,46,
HKMDS,202010,T1014,M101403,2020,07,category,category_02,,,,,,,44,
HKMDS,202010,T1014,M101403,2020,08,category,category_02,,,,,,,47,(#)
HKMDS,202010,T1015,M101501,2017,,,,,,,,,,3030709,(3)
HKMDS,202010,T1015,M101501,2018,,,,,,,,,,2252712,
HKMDS,202010,T1015,M101501,2019,,,,,,,,,,1433467,
HKMDS,202010,T1015,M101502,2017,,,,,,,,,,5802,
HKMDS,202010,T1015,M101502,2018,,,,,,,,,,5751,
HKMDS,202010,T1015,M101502,2019,,,,,,,,,,5850,
HKMDS,202010,T1015,M101502,2019,03,,,,,,,,,5780,
HKMDS,202010,T1015,M101502,2019,04,,,,,,,,,5770,
HKMDS,202010,T1015,M101502,2019,05,,,,,,,,,5785,
HKMDS,202010,T1015,M101502,2019,06,,,,,,,,,5778,
HKMDS,202010,T1015,M101502,2019,07,,,,,,,,,5784,
HKMDS,202010,T1015,M101502,2019,08,,,,,,,,,5795,
HKMDS,202010,T1015,M101502,2019,09,,,,,,,,,5816,
HKMDS,202010,T1015,M101502,2019,10,,,,,,,,,5826,
HKMDS,202010,T1015,M101502,2019,11,,,,,,,,,5841,
HKMDS,202010,T1015,M101502,2019,12,,,,,,,,,5850,
HKMDS,202010,T1015,M101502,2020,01,,,,,,,,,5851,
HKMDS,202010,T1015,M101502,2020,02,,,,,,,,,5858,
HKMDS,202010,T1015,M101502,2020,03,,,,,,,,,5858,
HKMDS,202010,T1015,M101502,2020,04,,,,,,,,,5732,
HKMDS,202010,T1015,M101502,2020,05,,,,,,,,,5738,
HKMDS,202010,T1015,M101503,2017,,,,,,,,,,161,
HKMDS,202010,T1015,M101503,2018,,,,,,,,,,154,
HKMDS,202010,T1015,M101503,2019,,,,,,,,,,145,
HKMDS,202010,T1015,M101503,2019,03,,,,,,,,,152,
HKMDS,202010,T1015,M101503,2019,04,,,,,,,,,151,
HKMDS,202010,T1015,M101503,2019,05,,,,,,,,,150,
HKMDS,202010,T1015,M101503,2019,06,,,,,,,,,150,
HKMDS,202010,T1015,M101503,2019,07,,,,,,,,,149,
HKMDS,202010,T1015,M101503,2019,08,,,,,,,,,148,
HKMDS,202010,T1015,M101503,2019,09,,,,,,,,,148,
HKMDS,202010,T1015,M101503,2019,10,,,,,,,,,147,
HKMDS,202010,T1015,M101503,2019,11,,,,,,,,,147,
HKMDS,202010,T1015,M101503,2019,12,,,,,,,,,145,
HKMDS,202010,T1015,M101503,2020,01,,,,,,,,,144,
HKMDS,202010,T1015,M101503,2020,02,,,,,,,,,144,
HKMDS,202010,T1015,M101503,2020,03,,,,,,,,,143,
HKMDS,202010,T1015,M101503,2020,04,,,,,,,,,142,
HKMDS,202010,T1015,M101503,2020,05,,,,,,,,,141,
HKMDS,202010,T1015,M101504,2017,,,,,,,,,,23128,
HKMDS,202010,T1015,M101504,2018,,,,,,,,,,18147,
HKMDS,202010,T1015,M101504,2019,,,,,,,,,,14948,
HKMDS,202010,T1015,M101504,2019,03,,,,,,,,,17478,
HKMDS,202010,T1015,M101504,2019,04,,,,,,,,,17285,
HKMDS,202010,T1015,M101504,2019,05,,,,,,,,,17136,
HKMDS,202010,T1015,M101504,2019,06,,,,,,,,,16931,
HKMDS,202010,T1015,M101504,2019,07,,,,,,,,,16664,
HKMDS,202010,T1015,M101504,2019,08,,,,,,,,,16309,
HKMDS,202010,T1015,M101504,2019,09,,,,,,,,,16225,
HKMDS,202010,T1015,M101504,2019,10,,,,,,,,,15712,
HKMDS,202010,T1015,M101504,2019,11,,,,,,,,,15164,
HKMDS,202010,T1015,M101504,2019,12,,,,,,,,,14948,
HKMDS,202010,T1015,M101504,2020,01,,,,,,,,,14823,
HKMDS,202010,T1015,M101504,2020,02,,,,,,,,,14692,
HKMDS,202010,T1015,M101504,2020,03,,,,,,,,,14289,
HKMDS,202010,T1015,M101504,2020,04,,,,,,,,,14160,
HKMDS,202010,T1015,M101504,2020,05,,,,,,,,,13729,
HKMDS,202010,T1015,M101505,2017,,typetl,typetl_0101,,,,,,,246,
HKMDS,202010,T1015,M101505,2018,,typetl,typetl_0101,,,,,,,N.A.,
HKMDS,202010,T1015,M101505,2019,,typetl,typetl_0101,,,,,,,N.A.,
HKMDS,202010,T1015,M101505,2019,03,typetl,typetl_0101,,,,,,,N.A.,
HKMDS,202010,T1015,M101505,2019,04,typetl,typetl_0101,,,,,,,N.A.,
HKMDS,202010,T1015,M101505,2019,05,typetl,typetl_0101,,,,,,,N.A.,
HKMDS,202010,T1015,M101505,2019,06,typetl,typetl_0101,,,,,,,N.A.,
HKMDS,202010,T1015,M101505,2019,07,typetl,typetl_0101,,,,,,,N.A.,
HKMDS,202010,T1015,M101505,2019,08,typetl,typetl_0101,,,,,,,N.A.,
HKMDS,202010,T1015,M101505,2019,09,typetl,typetl_0101,,,,,,,N.A.,
HKMDS,202010,T1015,M101505,2019,10,typetl,typetl_0101,,,,,,,N.A.,
HKMDS,202010,T1015,M101505,2019,11,typetl,typetl_0101,,,,,,,N.A.,
HKMDS,202010,T1015,M101505,2019,12,typetl,typetl_0101,,,,,,,N.A.,
HKMDS,202010,T1015,M101505,2020,01,typetl,typetl_0101,,,,,,,N.A.,
HKMDS,202010,T1015,M101505,2020,02,typetl,typetl_0101,,,,,,,N.A.,
HKMDS,202010,T1015,M101505,2020,03,typetl,typetl_0101,,,,,,,N.A.,
HKMDS,202010,T1015,M101505,2020,04,typetl,typetl_0101,,,,,,,N.A.,
HKMDS,202010,T1015,M101505,2020,05,typetl,typetl_0101,,,,,,,N.A.,
HKMDS,202010,T1015,M101505,2017,,typetl,typetl_0102,,,,,,,123,
HKMDS,202010,T1015,M101505,2018,,typetl,typetl_0102,,,,,,,N.A.,
HKMDS,202010,T1015,M101505,2019,,typetl,typetl_0102,,,,,,,N.A.,
HKMDS,202010,T1015,M101505,2019,03,typetl,typetl_0102,,,,,,,N.A.,
HKMDS,202010,T1015,M101505,2019,04,typetl,typetl_0102,,,,,,,N.A.,
HKMDS,202010,T1015,M101505,2019,05,typetl,typetl_0102,,,,,,,N.A.,
HKMDS,202010,T1015,M101505,2019,06,typetl,typetl_0102,,,,,,,N.A.,
HKMDS,202010,T1015,M101505,2019,07,typetl,typetl_0102,,,,,,,N.A.,
HKMDS,202010,T1015,M101505,2019,08,typetl,typetl_0102,,,,,,,N.A.,
HKMDS,202010,T1015,M101505,2019,09,typetl,typetl_0102,,,,,,,N.A.,
HKMDS,202010,T1015,M101505,2019,10,typetl,typetl_0102,,,,,,,N.A.,
HKMDS,202010,T1015,M101505,2019,11,typetl,typetl_0102,,,,,,,N.A.,
HKMDS,202010,T1015,M101505,2019,12,typetl,typetl_0102,,,,,,,N.A.,
HKMDS,202010,T1015,M101505,2020,01,typetl,typetl_0102,,,,,,,N.A.,
HKMDS,202010,T1015,M101505,2020,02,typetl,typetl_0102,,,,,,,N.A.,
HKMDS,202010,T1015,M101505,2020,03,typetl,typetl_0102,,,,,,,N.A.,
HKMDS,202010,T1015,M101505,2020,04,typetl,typetl_0102,,,,,,,N.A.,
HKMDS,202010,T1015,M101505,2020,05,typetl,typetl_0102,,,,,,,N.A.,
HKMDS,202010,T1015,M101505,2017,,typetl,typetl_0103,,,,,,,1457,
HKMDS,202010,T1015,M101505,2018,,typetl,typetl_0103,,,,,,,N.A.,
HKMDS,202010,T1015,M101505,2019,,typetl,typetl_0103,,,,,,,N.A.,
HKMDS,202010,T1015,M101505,2019,03,typetl,typetl_0103,,,,,,,N.A.,
HKMDS,202010,T1015,M101505,2019,04,typetl,typetl_0103,,,,,,,N.A.,
HKMDS,202010,T1015,M101505,2019,05,typetl,typetl_0103,,,,,,,N.A.,
HKMDS,202010,T1015,M101505,2019,06,typetl,typetl_0103,,,,,,,N.A.,
HKMDS,202010,T1015,M101505,2019,07,typetl,typetl_0103,,,,,,,N.A.,
HKMDS,202010,T1015,M101505,2019,08,typetl,typetl_0103,,,,,,,N.A.,
HKMDS,202010,T1015,M101505,2019,09,typetl,typetl_0103,,,,,,,N.A.,
HKMDS,202010,T1015,M101505,2019,10,typetl,typetl_0103,,,,,,,N.A.,
HKMDS,202010,T1015,M101505,2019,11,typetl,typetl_0103,,,,,,,N.A.,
HKMDS,202010,T1015,M101505,2019,12,typetl,typetl_0103,,,,,,,N.A.,
HKMDS,202010,T1015,M101505,2020,01,typetl,typetl_0103,,,,,,,N.A.,
HKMDS,202010,T1015,M101505,2020,02,typetl,typetl_0103,,,,,,,N.A.,
HKMDS,202010,T1015,M101505,2020,03,typetl,typetl_0103,,,,,,,N.A.,
HKMDS,202010,T1015,M101505,2020,04,typetl,typetl_0103,,,,,,,N.A.,
HKMDS,202010,T1015,M101505,2020,05,typetl,typetl_0103,,,,,,,N.A.,
HKMDS,202010,T1015,M101505,2017,,typetl,typetl_01tt,,,,,,,1826,
HKMDS,202010,T1015,M101505,2018,,typetl,typetl_01tt,,,,,,,1813,
HKMDS,202010,T1015,M101505,2019,,typetl,typetl_01tt,,,,,,,1788,
HKMDS,202010,T1015,M101505,2019,03,typetl,typetl_01tt,,,,,,,1807,
HKMDS,202010,T1015,M101505,2019,04,typetl,typetl_01tt,,,,,,,1800,
HKMDS,202010,T1015,M101505,2019,05,typetl,typetl_01tt,,,,,,,1800,
HKMDS,202010,T1015,M101505,2019,06,typetl,typetl_01tt,,,,,,,1795,
HKMDS,202010,T1015,M101505,2019,07,typetl,typetl_01tt,,,,,,,1791,
HKMDS,202010,T1015,M101505,2019,08,typetl,typetl_01tt,,,,,,,1791,
HKMDS,202010,T1015,M101505,2019,09,typetl,typetl_01tt,,,,,,,1790,
HKMDS,202010,T1015,M101505,2019,10,typetl,typetl_01tt,,,,,,,1788,
HKMDS,202010,T1015,M101505,2019,11,typetl,typetl_01tt,,,,,,,1790,
HKMDS,202010,T1015,M101505,2019,12,typetl,typetl_01tt,,,,,,,1788,
HKMDS,202010,T1015,M101505,2020,01,typetl,typetl_01tt,,,,,,,1782,
HKMDS,202010,T1015,M101505,2020,02,typetl,typetl_01tt,,,,,,,1784,
HKMDS,202010,T1015,M101505,2020,03,typetl,typetl_01tt,,,,,,,1777,
HKMDS,202010,T1015,M101505,2020,04,typetl,typetl_01tt,,,,,,,1767,
HKMDS,202010,T1015,M101505,2020,05,typetl,typetl_01tt,,,,,,,1763,
HKMDS,202010,T1015,M101505,2017,,typetl,typetl_02,,,,,,,2325,
HKMDS,202010,T1015,M101505,2018,,typetl,typetl_02,,,,,,,2286,
HKMDS,202010,T1015,M101505,2019,,typetl,typetl_02,,,,,,,2265,
HKMDS,202010,T1015,M101505,2019,03,typetl,typetl_02,,,,,,,2280,
HKMDS,202010,T1015,M101505,2019,04,typetl,typetl_02,,,,,,,2279,
HKMDS,202010,T1015,M101505,2019,05,typetl,typetl_02,,,,,,,2278,
HKMDS,202010,T1015,M101505,2019,06,typetl,typetl_02,,,,,,,2275,
HKMDS,202010,T1015,M101505,2019,07,typetl,typetl_02,,,,,,,2274,
HKMDS,202010,T1015,M101505,2019,08,typetl,typetl_02,,,,,,,2273,
HKMDS,202010,T1015,M101505,2019,09,typetl,typetl_02,,,,,,,2271,
HKMDS,202010,T1015,M101505,2019,10,typetl,typetl_02,,,,,,,2270,
HKMDS,202010,T1015,M101505,2019,11,typetl,typetl_02,,,,,,,2266,
HKMDS,202010,T1015,M101505,2019,12,typetl,typetl_02,,,,,,,2265,
HKMDS,202010,T1015,M101505,2020,01,typetl,typetl_02,,,,,,,2259,
HKMDS,202010,T1015,M101505,2020,02,typetl,typetl_02,,,,,,,2255,
HKMDS,202010,T1015,M101505,2020,03,typetl,typetl_02,,,,,,,2253,
HKMDS,202010,T1015,M101505,2020,04,typetl,typetl_02,,,,,,,2248,
HKMDS,202010,T1015,M101505,2020,05,typetl,typetl_02,,,,,,,2244,
HKMDS,202010,T1015,M101505,2017,,typetl,typetl_tt,,,,,,,4151,
HKMDS,202010,T1015,M101505,2018,,typetl,typetl_tt,,,,,,,4099,
HKMDS,202010,T1015,M101505,2019,,typetl,typetl_tt,,,,,,,4053,
HKMDS,202010,T1015,M101505,2019,03,typetl,typetl_tt,,,,,,,4087,
HKMDS,202010,T1015,M101505,2019,04,typetl,typetl_tt,,,,,,,4079,
HKMDS,202010,T1015,M101505,2019,05,typetl,typetl_tt,,,,,,,4078,
HKMDS,202010,T1015,M101505,2019,06,typetl,typetl_tt,,,,,,,4070,
HKMDS,202010,T1015,M101505,2019,07,typetl,typetl_tt,,,,,,,4065,
HKMDS,202010,T1015,M101505,2019,08,typetl,typetl_tt,,,,,,,4064,
HKMDS,202010,T1015,M101505,2019,09,typetl,typetl_tt,,,,,,,4061,
HKMDS,202010,T1015,M101505,2019,10,typetl,typetl_tt,,,,,,,4058,
HKMDS,202010,T1015,M101505,2019,11,typetl,typetl_tt,,,,,,,4056,
HKMDS,202010,T1015,M101505,2019,12,typetl,typetl_tt,,,,,,,4053,
HKMDS,202010,T1015,M101505,2020,01,typetl,typetl_tt,,,,,,,4040,
HKMDS,202010,T1015,M101505,2020,02,typetl,typetl_tt,,,,,,,4039,
HKMDS,202010,T1015,M101505,2020,03,typetl,typetl_tt,,,,,,,4030,
HKMDS,202010,T1015,M101505,2020,04,typetl,typetl_tt,,,,,,,4015,
HKMDS,202010,T1015,M101505,2020,05,typetl,typetl_tt,,,,,,,4007,
HKMDS,202010,T1015,M101506,2017,,,,,,,,,,19013175,
HKMDS,202010,T1015,M101506,2018,,,,,,,,,,21639538,
HKMDS,202010,T1015,M101506,2019,,,,,,,,,,23975075,
HKMDS,202010,T1015,M101506,2019,03,,,,,,,,,22697647,
HKMDS,202010,T1015,M101506,2019,04,,,,,,,,,22688058,
HKMDS,202010,T1015,M101506,2019,05,,,,,,,,,22837374,
HKMDS,202010,T1015,M101506,2019,06,,,,,,,,,23399685,
HKMDS,202010,T1015,M101506,2019,07,,,,,,,,,23441251,
HKMDS,202010,T1015,M101506,2019,08,,,,,,,,,23602663,
HKMDS,202010,T1015,M101506,2019,09,,,,,,,,,23568929,
HKMDS,202010,T1015,M101506,2019,10,,,,,,,,,23609160,
HKMDS,202010,T1015,M101506,2019,11,,,,,,,,,23821979,
HKMDS,202010,T1015,M101506,2019,12,,,,,,,,,23975075,
HKMDS,202010,T1015,M101506,2020,01,,,,,,,,,23762203,
HKMDS,202010,T1015,M101506,2020,02,,,,,,,,,23300497,
HKMDS,202010,T1015,M101506,2020,03,,,,,,,,,23203811,
HKMDS,202010,T1015,M101506,2020,04,,,,,,,,,23154532,
HKMDS,202010,T1015,M101506,2020,05,,,,,,,,,23148981,
HKMDS,202010,T1015,M101507,2017,,,,,,,,,,8604971,
HKMDS,202010,T1015,M101507,2018,,,,,,,,,,9208885,
HKMDS,202010,T1015,M101507,2019,,,,,,,,,,9481012,
HKMDS,202010,T1015,M101507,2019,03,,,,,,,,,9314334,
HKMDS,202010,T1015,M101507,2019,04,,,,,,,,,9323658,
HKMDS,202010,T1015,M101507,2019,05,,,,,,,,,9375771,
HKMDS,202010,T1015,M101507,2019,06,,,,,,,,,9391532,
HKMDS,202010,T1015,M101507,2019,07,,,,,,,,,9426173,
HKMDS,202010,T1015,M101507,2019,08,,,,,,,,,9467571,
HKMDS,202010,T1015,M101507,2019,09,,,,,,,,,9382082,
HKMDS,202010,T1015,M101507,2019,10,,,,,,,,,9443459,
HKMDS,202010,T1015,M101507,2019,11,,,,,,,,,9438124,
HKMDS,202010,T1015,M101507,2019,12,,,,,,,,,9481012,
HKMDS,202010,T1015,M101507,2020,01,,,,,,,,,9432263,
HKMDS,202010,T1015,M101507,2020,02,,,,,,,,,9389455,
HKMDS,202010,T1015,M101507,2020,03,,,,,,,,,9420864,
HKMDS,202010,T1015,M101507,2020,04,,,,,,,,,9410946,
HKMDS,202010,T1015,M101507,2020,05,,,,,,,,,9422263,
HKMDS,202010,T1015,M101508,2017,,,,,,,,,,17725591,
HKMDS,202010,T1015,M101508,2018,,,,,,,,,,20921043,
HKMDS,202010,T1015,M101508,2019,,,,,,,,,,23719270,
HKMDS,202010,T1015,M101508,2019,03,,,,,,,,,21993619,
HKMDS,202010,T1015,M101508,2019,04,,,,,,,,,22005498,
HKMDS,202010,T1015,M101508,2019,05,,,,,,,,,22174812,
HKMDS,202010,T1015,M101508,2019,06,,,,,,,,,22761503,
HKMDS,202010,T1015,M101508,2019,07,,,,,,,,,22803588,
HKMDS,202010,T1015,M101508,2019,08,,,,,,,,,22979586,
HKMDS,202010,T1015,M101508,2019,09,,,,,,,,,22952790,
HKMDS,202010,T1015,M101508,2019,10,,,,,,,,,23337336,
HKMDS,202010,T1015,M101508,2019,11,,,,,,,,,23560970,
HKMDS,202010,T1015,M101508,2019,12,,,,,,,,,23719270,
HKMDS,202010,T1015,M101508,2020,01,,,,,,,,,23516039,
HKMDS,202010,T1015,M101508,2020,02,,,,,,,,,23093581,
HKMDS,202010,T1015,M101508,2020,03,,,,,,,,,23000762,
HKMDS,202010,T1015,M101508,2020,04,,,,,,,,,22953859,
HKMDS,202010,T1015,M101508,2020,05,,,,,,,,,22949943,
HKMDS,202010,T1015,M101509,2017,,,,,,,,,,2065.6,(7)
HKMDS,202010,T1015,M101509,2018,,,,,,,,,,2461.5,(7)
HKMDS,202010,T1015,M101509,2019,,,,,,,,,,2946.9,(7)
HKMDS,202010,T1015,M101509,2019,03,,,,,,,,,2496.9,
HKMDS,202010,T1015,M101509,2019,04,,,,,,,,,2465.7,
HKMDS,202010,T1015,M101509,2019,05,,,,,,,,,2612.4,
HKMDS,202010,T1015,M101509,2019,06,,,,,,,,,2627.7,
HKMDS,202010,T1015,M101509,2019,07,,,,,,,,,2933.6,
HKMDS,202010,T1015,M101509,2019,08,,,,,,,,,2974.6,
HKMDS,202010,T1015,M101509,2019,09,,,,,,,,,2939.2,
HKMDS,202010,T1015,M101509,2019,10,,,,,,,,,3040.4,
HKMDS,202010,T1015,M101509,2019,11,,,,,,,,,2982.9,
HKMDS,202010,T1015,M101509,2019,12,,,,,,,,,2946.9,
HKMDS,202010,T1015,M101509,2020,01,,,,,,,,,2964.6,
HKMDS,202010,T1015,M101509,2020,02,,,,,,,,,2885.5,
HKMDS,202010,T1015,M101509,2020,03,,,,,,,,,3289.6,
HKMDS,202010,T1015,M101509,2020,04,,,,,,,,,3158.6,
HKMDS,202010,T1015,M101509,2020,05,,,,,,,,,3372,
HKMDS,202010,T1015,M101510,2017,,,,,,,,,,4939.2,(7)
HKMDS,202010,T1015,M101510,2018,,,,,,,,,,6878.8,(7)
HKMDS,202010,T1015,M101510,2019,,,,,,,,,,9294,(*)(7)
HKMDS,202010,T1015,M101510,2019,03,,,,,,,,,7335.5,
HKMDS,202010,T1015,M101510,2019,04,,,,,,,,,7247.6,
HKMDS,202010,T1015,M101510,2019,05,,,,,,,,,7738,
HKMDS,202010,T1015,M101510,2019,06,,,,,,,,,7966.9,
HKMDS,202010,T1015,M101510,2019,07,,,,,,,,,8910.9,
HKMDS,202010,T1015,M101510,2019,08,,,,,,,,,9105,
HKMDS,202010,T1015,M101510,2019,09,,,,,,,,,8986.1,
HKMDS,202010,T1015,M101510,2019,10,,,,,,,,,9451.2,
HKMDS,202010,T1015,M101510,2019,11,,,,,,,,,9361.5,
HKMDS,202010,T1015,M101510,2019,12,,,,,,,,,9294,(*)
HKMDS,202010,T1015,M101510,2020,01,,,,,,,,,9269.8,(*)
HKMDS,202010,T1015,M101510,2020,02,,,,,,,,,8860.2,(*)
HKMDS,202010,T1015,M101510,2020,03,,,,,,,,,10060.6,(*)
HKMDS,202010,T1015,M101510,2020,04,,,,,,,,,9640.2,(*)
HKMDS,202010,T1015,M101510,2020,05,,,,,,,,,10289.9,
HKMDS,202010,T1016,M101601,2017,,,,,,,,,,233,
HKMDS,202010,T1016,M101601,2018,,,,,,,,,,251,
HKMDS,202010,T1016,M101601,2019,,,,,,,,,,252,
HKMDS,202010,T1016,M101601,2019,04,,,,,,,,,250,
HKMDS,202010,T1016,M101601,2019,05,,,,,,,,,248,
HKMDS,202010,T1016,M101601,2019,06,,,,,,,,,249,
HKMDS,202010,T1016,M101601,2019,07,,,,,,,,,251,
HKMDS,202010,T1016,M101601,2019,08,,,,,,,,,251,
HKMDS,202010,T1016,M101601,2019,09,,,,,,,,,251,
HKMDS,202010,T1016,M101601,2019,10,,,,,,,,,251,
HKMDS,202010,T1016,M101601,2019,11,,,,,,,,,249,
HKMDS,202010,T1016,M101601,2019,12,,,,,,,,,252,
HKMDS,202010,T1016,M101601,2020,01,,,,,,,,,253,
HKMDS,202010,T1016,M101601,2020,02,,,,,,,,,253,
HKMDS,202010,T1016,M101601,2020,03,,,,,,,,,253,
HKMDS,202010,T1016,M101601,2020,04,,,,,,,,,255,
HKMDS,202010,T1016,M101601,2020,05,,,,,,,,,257,
HKMDS,202010,T1016,M101601,2020,06,,,,,,,,,256,
HKMDS,202010,T1016,M101602,2017,,account,account_01,,,,,,,140923,
HKMDS,202010,T1016,M101602,2018,,account,account_01,,,,,,,52284,
HKMDS,202010,T1016,M101602,2019,,account,account_01,,,,,,,50055,
HKMDS,202010,T1016,M101602,2019,04,account,account_01,,,,,,,51313,
HKMDS,202010,T1016,M101602,2019,05,account,account_01,,,,,,,51142,
HKMDS,202010,T1016,M101602,2019,06,account,account_01,,,,,,,50986,
HKMDS,202010,T1016,M101602,2019,07,account,account_01,,,,,,,50829,
HKMDS,202010,T1016,M101602,2019,08,account,account_01,,,,,,,50667,
HKMDS,202010,T1016,M101602,2019,09,account,account_01,,,,,,,50514,
HKMDS,202010,T1016,M101602,2019,10,account,account_01,,,,,,,50384,
HKMDS,202010,T1016,M101602,2019,11,account,account_01,,,,,,,50244,
HKMDS,202010,T1016,M101602,2019,12,account,account_01,,,,,,,50055,
HKMDS,202010,T1016,M101602,2020,01,account,account_01,,,,,,,25683,
HKMDS,202010,T1016,M101602,2020,02,account,account_01,,,,,,,25568,
HKMDS,202010,T1016,M101602,2020,03,account,account_01,,,,,,,25449,
HKMDS,202010,T1016,M101602,2020,04,account,account_01,,,,,,,25311,
HKMDS,202010,T1016,M101602,2020,05,account,account_01,,,,,,,25198,
HKMDS,202010,T1016,M101602,2020,06,account,account_01,,,,,,,25050,
HKMDS,202010,T1016,M101602,2017,,account,account_02,,,,,,,2641,
HKMDS,202010,T1016,M101602,2018,,account,account_02,,,,,,,2911,
HKMDS,202010,T1016,M101602,2019,,account,account_02,,,,,,,23192,
HKMDS,202010,T1016,M101602,2019,04,account,account_02,,,,,,,22931,
HKMDS,202010,T1016,M101602,2019,05,account,account_02,,,,,,,22988,
HKMDS,202010,T1016,M101602,2019,06,account,account_02,,,,,,,23504,
HKMDS,202010,T1016,M101602,2019,07,account,account_02,,,,,,,23162,
HKMDS,202010,T1016,M101602,2019,08,account,account_02,,,,,,,23135,
HKMDS,202010,T1016,M101602,2019,09,account,account_02,,,,,,,23195,
HKMDS,202010,T1016,M101602,2019,10,account,account_02,,,,,,,23146,
HKMDS,202010,T1016,M101602,2019,11,account,account_02,,,,,,,23153,
HKMDS,202010,T1016,M101602,2019,12,account,account_02,,,,,,,23192,
HKMDS,202010,T1016,M101602,2020,01,account,account_02,,,,,,,23171,
HKMDS,202010,T1016,M101602,2020,02,account,account_02,,,,,,,22998,
HKMDS,202010,T1016,M101602,2020,03,account,account_02,,,,,,,23075,
HKMDS,202010,T1016,M101602,2020,04,account,account_02,,,,,,,22926,
HKMDS,202010,T1016,M101602,2020,05,account,account_02,,,,,,,22978,
HKMDS,202010,T1016,M101602,2020,06,account,account_02,,,,,,,23000,
HKMDS,202010,T1016,M101602,2017,,account,account_03,,,,,,,2645752,
HKMDS,202010,T1016,M101602,2018,,account,account_03,,,,,,,2699029,
HKMDS,202010,T1016,M101602,2019,,account,account_03,,,,,,,2787835,
HKMDS,202010,T1016,M101602,2019,04,account,account_03,,,,,,,2723742,
HKMDS,202010,T1016,M101602,2019,05,account,account_03,,,,,,,2740777,
HKMDS,202010,T1016,M101602,2019,06,account,account_03,,,,,,,2747239,
HKMDS,202010,T1016,M101602,2019,07,account,account_03,,,,,,,2752993,
HKMDS,202010,T1016,M101602,2019,08,account,account_03,,,,,,,2759306,
HKMDS,202010,T1016,M101602,2019,09,account,account_03,,,,,,,2765445,
HKMDS,202010,T1016,M101602,2019,10,account,account_03,,,,,,,2771108,
HKMDS,202010,T1016,M101602,2019,11,account,account_03,,,,,,,2782837,
HKMDS,202010,T1016,M101602,2019,12,account,account_03,,,,,,,2787835,
HKMDS,202010,T1016,M101602,2020,01,account,account_03,,,,,,,2789539,
HKMDS,202010,T1016,M101602,2020,02,account,account_03,,,,,,,2794947,
HKMDS,202010,T1016,M101602,2020,03,account,account_03,,,,,,,2804790,
HKMDS,202010,T1016,M101602,2020,04,account,account_03,,,,,,,2811530,
HKMDS,202010,T1016,M101602,2020,05,account,account_03,,,,,,,2820628,
HKMDS,202010,T1016,M101602,2020,06,account,account_03,,,,,,,2839767,
HKMDS,202010,T1016,M101603,2017,,,,,,,,,,196762,
HKMDS,202010,T1016,M101603,2018,,,,,,,,,,162708,
HKMDS,202010,T1016,M101603,2019,,,,,,,,,,132398,
HKMDS,202010,T1016,M101603,2019,04,,,,,,,,,11871,
HKMDS,202010,T1016,M101603,2019,05,,,,,,,,,12041,
HKMDS,202010,T1016,M101603,2019,06,,,,,,,,,10997,
HKMDS,202010,T1016,M101603,2019,07,,,,,,,,,11640,
HKMDS,202010,T1016,M101603,2019,08,,,,,,,,,11619,
HKMDS,202010,T1016,M101603,2019,09,,,,,,,,,11073,
HKMDS,202010,T1016,M101603,2019,10,,,,,,,,,10401,
HKMDS,202010,T1016,M101603,2019,11,,,,,,,,,10442,
HKMDS,202010,T1016,M101603,2019,12,,,,,,,,,8732,
HKMDS,202010,T1016,M101603,2020,01,,,,,,,,,9073,
HKMDS,202010,T1016,M101603,2020,02,,,,,,,,,11903,
HKMDS,202010,T1016,M101603,2020,03,,,,,,,,,13502,
HKMDS,202010,T1016,M101603,2020,04,,,,,,,,,11896,
HKMDS,202010,T1016,M101603,2020,05,,,,,,,,,10232,
HKMDS,202010,T1016,M101603,2020,06,,,,,,,,,N.A.,
HKMDS,202010,T1016,M101604,2017,,,,,,,,,,5988964,
HKMDS,202010,T1016,M101604,2018,,,,,,,,,,6792188,
HKMDS,202010,T1016,M101604,2019,,,,,,,,,,7847959,
HKMDS,202010,T1016,M101604,2019,04,,,,,,,,,645531,
HKMDS,202010,T1016,M101604,2019,05,,,,,,,,,649169,
HKMDS,202010,T1016,M101604,2019,06,,,,,,,,,653788,
HKMDS,202010,T1016,M101604,2019,07,,,,,,,,,681241,
HKMDS,202010,T1016,M101604,2019,08,,,,,,,,,710060,
HKMDS,202010,T1016,M101604,2019,09,,,,,,,,,682533,
HKMDS,202010,T1016,M101604,2019,10,,,,,,,,,693276,
HKMDS,202010,T1016,M101604,2019,11,,,,,,,,,671394,
HKMDS,202010,T1016,M101604,2019,12,,,,,,,,,681404,
HKMDS,202010,T1016,M101604,2020,01,,,,,,,,,694635,
HKMDS,202010,T1016,M101604,2020,02,,,,,,,,,769869,
HKMDS,202010,T1016,M101604,2020,03,,,,,,,,,835202,
HKMDS,202010,T1016,M101604,2020,04,,,,,,,,,830698,
HKMDS,202010,T1016,M101604,2020,05,,,,,,,,,811952,
HKMDS,202010,T1016,M101604,2020,06,,,,,,,,,N.A.,
HKMDS,202010,T1017,M101701,2017,,article,article_01,,,,,,,960.4,
HKMDS,202010,T1017,M101701,2018,,article,article_01,,,,,,,933.4,
HKMDS,202010,T1017,M101701,2019,,article,article_01,,,,,,,870.2,
HKMDS,202010,T1017,M101701,2019, 4 -   6,article,article_01,,,,,,,235,
HKMDS,202010,T1017,M101701,2019, 7 -   9,article,article_01,,,,,,,216.3,
HKMDS,202010,T1017,M101701,2019,10 - 12,article,article_01,,,,,,,217.9,
HKMDS,202010,T1017,M101701,2020, 1 -   3,article,article_01,,,,,,,174.8,
HKMDS,202010,T1017,M101701,2020, 4 -   6,article,article_01,,,,,,,208.9,
HKMDS,202010,T1017,M101701,2017,,article,article_02,,,,,,,174.4,
HKMDS,202010,T1017,M101701,2018,,article,article_02,,,,,,,278.8,
HKMDS,202010,T1017,M101701,2019,,article,article_02,,,,,,,264.1,
HKMDS,202010,T1017,M101701,2019, 4 -   6,article,article_02,,,,,,,67.1,
HKMDS,202010,T1017,M101701,2019, 7 -   9,article,article_02,,,,,,,63.5,
HKMDS,202010,T1017,M101701,2019,10 - 12,article,article_02,,,,,,,64.9,
HKMDS,202010,T1017,M101701,2020, 1 -   3,article,article_02,,,,,,,47.3,
HKMDS,202010,T1017,M101701,2020, 4 -   6,article,article_02,,,,,,,44.6,
HKMDS,202010,T1017,M101701,2017,,article,article_03,,,,,,,30.4,
HKMDS,202010,T1017,M101701,2018,,article,article_03,,,,,,,32.4,
HKMDS,202010,T1017,M101701,2019,,article,article_03,,,,,,,31.3,
HKMDS,202010,T1017,M101701,2019, 4 -   6,article,article_03,,,,,,,7.8,
HKMDS,202010,T1017,M101701,2019, 7 -   9,article,article_03,,,,,,,7.5,
HKMDS,202010,T1017,M101701,2019,10 - 12,article,article_03,,,,,,,8,
HKMDS,202010,T1017,M101701,2020, 1 -   3,article,article_03,,,,,,,8.6,
HKMDS,202010,T1017,M101701,2020, 4 -   6,article,article_03,,,,,,,4.9,
HKMDS,202010,T1017,M101701,2017,,article,article_04,,,,,,,0.4,
HKMDS,202010,T1017,M101701,2018,,article,article_04,,,,,,,0.4,
HKMDS,202010,T1017,M101701,2019,,article,article_04,,,,,,,0.4,
HKMDS,202010,T1017,M101701,2019, 4 -   6,article,article_04,,,,,,,0.1,
HKMDS,202010,T1017,M101701,2019, 7 -   9,article,article_04,,,,,,,0.1,
HKMDS,202010,T1017,M101701,2019,10 - 12,article,article_04,,,,,,,0.1,
HKMDS,202010,T1017,M101701,2020, 1 -   3,article,article_04,,,,,,,0.1,
HKMDS,202010,T1017,M101701,2020, 4 -   6,article,article_04,,,,,,,0.1,
HKMDS,202010,T1017,M101702,2017,,parcel,parcel_01,,,,,,,40,
HKMDS,202010,T1017,M101702,2018,,parcel,parcel_01,,,,,,,32,
HKMDS,202010,T1017,M101702,2019,,parcel,parcel_01,,,,,,,30,
HKMDS,202010,T1017,M101702,2019, 4 -   6,parcel,parcel_01,,,,,,,8,
HKMDS,202010,T1017,M101702,2019, 7 -   9,parcel,parcel_01,,,,,,,7,
HKMDS,202010,T1017,M101702,2019,10 - 12,parcel,parcel_01,,,,,,,8,
HKMDS,202010,T1017,M101702,2020, 1 -   3,parcel,parcel_01,,,,,,,8,
HKMDS,202010,T1017,M101702,2020, 4 -   6,parcel,parcel_01,,,,,,,12,
HKMDS,202010,T1017,M101702,2017,,parcel,parcel_02,,,,,,,375,
HKMDS,202010,T1017,M101702,2018,,parcel,parcel_02,,,,,,,304,
HKMDS,202010,T1017,M101702,2019,,parcel,parcel_02,,,,,,,225,
HKMDS,202010,T1017,M101702,2019, 4 -   6,parcel,parcel_02,,,,,,,57,
HKMDS,202010,T1017,M101702,2019, 7 -   9,parcel,parcel_02,,,,,,,52,
HKMDS,202010,T1017,M101702,2019,10 - 12,parcel,parcel_02,,,,,,,52,
HKMDS,202010,T1017,M101702,2020, 1 -   3,parcel,parcel_02,,,,,,,46,
HKMDS,202010,T1017,M101702,2020, 4 -   6,parcel,parcel_02,,,,,,,53,
HKMDS,202010,T1017,M101702,2017,,parcel,parcel_03,,,,,,,434,
HKMDS,202010,T1017,M101702,2018,,parcel,parcel_03,,,,,,,439,
HKMDS,202010,T1017,M101702,2019,,parcel,parcel_03,,,,,,,404,
HKMDS,202010,T1017,M101702,2019, 4 -   6,parcel,parcel_03,,,,,,,102,
HKMDS,202010,T1017,M101702,2019, 7 -   9,parcel,parcel_03,,,,,,,98,
HKMDS,202010,T1017,M101702,2019,10 - 12,parcel,parcel_03,,,,,,,100,
HKMDS,202010,T1017,M101702,2020, 1 -   3,parcel,parcel_03,,,,,,,134,
HKMDS,202010,T1017,M101702,2020, 4 -   6,parcel,parcel_03,,,,,,,93,
HKMDS,202010,T1017,M101702,2017,,parcel,parcel_04,,,,,,,33,
HKMDS,202010,T1017,M101702,2018,,parcel,parcel_04,,,,,,,38,
HKMDS,202010,T1017,M101702,2019,,parcel,parcel_04,,,,,,,39,
HKMDS,202010,T1017,M101702,2019, 4 -   6,parcel,parcel_04,,,,,,,10,
HKMDS,202010,T1017,M101702,2019, 7 -   9,parcel,parcel_04,,,,,,,10,
HKMDS,202010,T1017,M101702,2019,10 - 12,parcel,parcel_04,,,,,,,11,
HKMDS,202010,T1017,M101702,2020, 1 -   3,parcel,parcel_04,,,,,,,7,
HKMDS,202010,T1017,M101702,2020, 4 -   6,parcel,parcel_04,,,,,,,2,
